pair_id	rows	cols	config
10737418301	0	2	0
122406567946	0	2	0
124554051593	0	2	0
124554051595	0	2	0
124554051596	0	2	0
126701535240	0	2	0
126701535241	0	2	0
126701535242	0	2	0
126701535243	0	2	0
128849018887	0	2	0
128849018889	0	2	0
128849018890	0	2	0
130996502534	0	2	0
130996502535	0	2	0
133143986181	0	2	0
133143986182	0	2	0
133143986183	0	2	0
133143986184	0	2	0
135291469828	0	2	0
135291469829	0	2	0
135291469831	0	2	0
137438953475	0	2	0
137438953476	0	2	0
137438953477	0	2	0
137438953478	0	2	0
139586437122	0	2	0
139586437123	0	2	0
139586437124	0	2	0
139586437125	0	2	0
141733920769	0	2	0
141733920770	0	2	0
141733920771	0	2	0
141733920772	0	2	0
141733920773	0	2	0
141733920774	0	2	0
141733920778	0	2	0
141733920779	0	2	0
2147483655	2862	2	2
2147483656	2512	2	2
2147483657	2250	2	2
2147483658	1851	2	2
2147483659	1713	2	2
2147483660	1406	2	2
2147483661	1260	2	2
2147483662	1097	2	2
2147483663	963	2	2
2147483664	855	2	2
2147483665	746	2	2
2147483666	713	2	2
2147483667	583	2	2
2147483668	547	2	2
2147483669	512	2	2
2147483670	434	2	2
2147483671	422	2	2
2147483672	392	2	2
2147483673	358	2	2
2147483674	359	2	2
2147483675	336	2	2
2147483676	317	2	2
2147483677	286	2	2
2147483678	287	2	2
2147483679	255	2	2
2147483680	235	2	2
2147483681	219	2	2
2147483682	196	2	2
2147483683	189	2	2
2147483684	186	2	2
2147483685	183	2	2
2147483686	164	2	2
2147483687	149	2	2
2147483688	116	2	2
2147483689	127	2	2
2147483690	144	2	2
2147483691	164	2	2
2147483692	175	2	2
2147483693	300	2	2
2147483694	204	2	2
2147483695	212	2	2
2147483696	310	2	2
2147483697	327	2	2
2147483698	297	2	2
2147483699	327	2	2
2147483700	358	2	2
2147483701	281	2	2
2147483702	271	2	2
2147483703	237	2	2
2147483704	317	2	2
2147483705	285	2	2
2147483706	259	2	2
2147483707	236	2	2
2147483708	264	2	2
2147483709	107	2	2
2147483710	231	2	2
2147483711	221	2	2
2147483712	175	2	2
2147483713	35	2	2
2147483714	153	2	2
2147483715	231	2	2
2147483716	367	2	2
2147483717	559	2	2
2147483718	774	2	2
2147483719	964	2	2
2147483720	1065	2	2
2147483721	1398	2	2
2147483722	1771	2	2
2147483723	2027	2	2
2147483724	2177	2	2
4294967304	2721	2	2
4294967305	2345	2	2
4294967306	2094	2	2
4294967307	1770	2	2
4294967308	1575	2	2
4294967309	1411	2	2
4294967310	1225	2	2
4294967311	1098	2	2
4294967312	947	2	2
4294967313	874	2	2
4294967314	742	2	2
4294967315	703	2	2
4294967316	645	2	2
4294967317	573	2	2
4294967318	507	2	2
4294967319	481	2	2
4294967320	428	2	2
4294967321	413	2	2
4294967322	406	2	2
4294967323	377	2	2
4294967324	358	2	2
4294967325	335	2	2
4294967326	293	2	2
4294967327	286	2	2
4294967328	254	2	2
4294967329	244	2	2
4294967330	229	2	2
4294967331	229	2	2
4294967332	212	2	2
4294967333	206	2	2
4294967334	188	2	2
4294967335	147	2	2
4294967336	149	2	2
4294967337	177	2	2
4294967338	189	2	2
4294967339	217	2	2
4294967340	378	2	2
4294967341	246	2	2
4294967342	271	2	2
4294967343	356	2	2
4294967344	380	2	2
4294967345	310	2	2
4294967346	376	2	2
4294967347	393	2	2
4294967348	295	2	2
4294967349	302	2	2
4294967350	274	2	2
4294967351	328	2	2
4294967352	316	2	2
4294967353	268	2	2
4294967354	245	2	2
4294967355	270	2	2
4294967356	101	2	2
4294967357	247	2	2
4294967358	249	2	2
4294967359	188	2	2
4294967361	223	2	2
4294967362	318	2	2
4294967363	525	2	2
4294967364	741	2	2
4294967365	1062	2	2
4294967366	1262	2	2
4294967367	1412	2	2
4294967368	1838	2	2
4294967369	2147	2	2
4294967370	2477	2	2
4294967371	2636	2	2
6442450952	2907	2	2
6442450953	2572	2	2
6442450954	2172	2	2
6442450955	1916	2	2
6442450956	1710	2	2
6442450957	1497	2	2
6442450958	1344	2	2
6442450959	1148	2	2
6442450960	1133	2	2
6442450961	946	2	2
6442450962	838	2	2
6442450963	750	2	2
6442450964	706	2	2
6442450965	618	2	2
6442450966	586	2	2
6442450967	532	2	2
6442450968	484	2	2
6442450969	452	2	2
6442450970	421	2	2
6442450971	403	2	2
6442450972	377	2	2
6442450973	327	2	2
6442450974	324	2	2
6442450975	269	2	2
6442450976	252	2	2
6442450977	246	2	2
6442450978	239	2	2
6442450979	218	2	2
6442450980	200	2	2
6442450981	188	2	2
6442450982	147	2	2
6442450983	131	2	2
6442450984	159	2	2
6442450985	183	2	2
6442450986	201	2	2
6442450987	319	2	2
6442450988	225	2	2
6442450989	243	2	2
6442450990	337	2	2
6442450991	361	2	2
6442450992	340	2	2
6442450993	370	2	2
6442450994	391	2	2
6442450995	363	2	2
6442450996	370	2	2
6442450997	333	2	2
6442450998	430	2	2
6442450999	393	2	2
6442451000	364	2	2
6442451001	342	2	2
6442451002	371	2	2
6442451003	179	2	2
6442451004	359	2	2
6442451005	349	2	2
6442451006	307	2	2
6442451008	356	2	2
6442451009	495	2	2
6442451010	709	2	2
6442451011	961	2	2
6442451012	1320	2	2
6442451013	1514	2	2
6442451014	1780	2	2
6442451015	2220	2	2
6442451016	2543	2	2
6442451017	2859	2	2
6442451018	3026	2	2
8589934601	2633	2	2
8589934602	2332	2	2
8589934603	2133	2	2
8589934604	1860	2	2
8589934605	1665	2	2
8589934606	1472	2	2
8589934607	1333	2	2
8589934608	1165	2	2
8589934609	1070	2	2
8589934610	958	2	2
8589934611	845	2	2
8589934612	776	2	2
8589934613	675	2	2
8589934614	615	2	2
8589934615	575	2	2
8589934616	558	2	2
8589934617	522	2	2
8589934618	483	2	2
8589934619	439	2	2
8589934620	402	2	2
8589934621	382	2	2
8589934622	341	2	2
8589934623	320	2	2
8589934624	317	2	2
8589934625	290	2	2
8589934626	290	2	2
8589934627	251	2	2
8589934628	218	2	2
8589934629	171	2	2
8589934630	166	2	2
8589934631	191	2	2
8589934632	217	2	2
8589934633	248	2	2
8589934634	372	2	2
8589934635	263	2	2
8589934636	297	2	2
8589934637	346	2	2
8589934638	370	2	2
8589934639	302	2	2
8589934640	355	2	2
8589934641	405	2	2
8589934642	286	2	2
8589934643	283	2	2
8589934644	248	2	2
8589934645	334	2	2
8589934646	285	2	2
8589934647	241	2	2
8589934648	242	2	2
8589934649	252	2	2
8589934651	231	2	2
8589934652	242	2	2
8589934655	519	2	2
8589934656	666	2	2
8589934657	1023	2	2
8589934658	1356	2	2
8589934659	1787	2	2
8589934660	2082	2	2
8589934661	2362	2	2
8589934662	2834	2	2
10737418247	2967	2	2
10737418248	2517	2	2
10737418249	2230	2	2
10737418250	2060	2	2
10737418251	1801	2	2
10737418252	1603	2	2
10737418253	1433	2	2
10737418254	1276	2	2
10737418255	1140	2	2
10737418256	990	2	2
10737418257	867	2	2
10737418258	770	2	2
10737418259	691	2	2
10737418260	641	2	2
10737418261	573	2	2
10737418262	531	2	2
10737418263	514	2	2
10737418264	463	2	2
10737418265	453	2	2
10737418266	406	2	2
10737418267	362	2	2
10737418268	337	2	2
10737418269	309	2	2
10737418270	290	2	2
10737418271	283	2	2
10737418272	277	2	2
10737418273	282	2	2
10737418274	239	2	2
10737418275	217	2	2
10737418276	177	2	2
10737418277	167	2	2
10737418278	180	2	2
10737418279	208	2	2
10737418280	225	2	2
10737418281	321	2	2
10737418282	242	2	2
10737418283	268	2	2
10737418284	314	2	2
10737418285	321	2	2
10737418286	265	2	2
10737418287	324	2	2
10737418288	359	2	2
10737418289	237	2	2
10737418290	237	2	2
10737418291	202	2	2
10737418292	283	2	2
10737418293	234	2	2
10737418294	206	2	2
10737418295	194	2	2
10737418296	203	2	2
10737418297	69	2	2
10737418298	218	2	2
10737418299	217	2	2
10737418300	196	2	2
10737418302	502	2	2
10737418303	647	2	2
10737418304	951	2	2
10737418305	1277	2	2
10737418306	1721	2	2
10737418307	1976	2	2
10737418308	2203	2	2
10737418309	2636	2	2
10737418310	2976	2	2
12884901895	2741	2	2
12884901896	2405	2	2
12884901897	2169	2	2
12884901898	1941	2	2
12884901899	1725	2	2
12884901900	1525	2	2
12884901901	1436	2	2
12884901902	1239	2	2
12884901903	1104	2	2
12884901904	1045	2	2
12884901905	955	2	2
12884901906	877	2	2
12884901907	798	2	2
12884901908	751	2	2
12884901909	657	2	2
12884901910	653	2	2
12884901911	609	2	2
12884901912	586	2	2
12884901913	552	2	2
12884901914	498	2	2
12884901915	482	2	2
12884901916	423	2	2
12884901917	399	2	2
12884901918	382	2	2
12884901919	360	2	2
12884901920	345	2	2
12884901921	288	2	2
12884901922	265	2	2
12884901923	210	2	2
12884901924	196	2	2
12884901925	218	2	2
12884901926	240	2	2
12884901927	268	2	2
12884901928	363	2	2
12884901929	285	2	2
12884901930	328	2	2
12884901931	376	2	2
12884901932	396	2	2
12884901933	344	2	2
12884901934	411	2	2
12884901935	427	2	2
12884901936	356	2	2
12884901937	360	2	2
12884901938	325	2	2
12884901939	396	2	2
12884901940	365	2	2
12884901941	326	2	2
12884901942	336	2	2
12884901943	372	2	2
12884901949	531	2	2
12884901950	696	2	2
12884901951	1052	2	2
12884901952	1424	2	2
12884901953	1895	2	2
12884901954	2249	2	2
12884901955	2553	2	2
12884901956	3053	2	2
15032385543	2854	2	2
15032385544	2558	2	2
15032385545	2302	2	2
15032385546	2081	2	2
15032385547	1810	2	2
15032385548	1696	2	2
15032385549	1458	2	2
15032385550	1394	2	2
15032385551	1258	2	2
15032385552	1137	2	2
15032385553	1002	2	2
15032385554	933	2	2
15032385555	865	2	2
15032385556	784	2	2
15032385557	751	2	2
15032385558	696	2	2
15032385559	647	2	2
15032385560	602	2	2
15032385561	531	2	2
15032385562	509	2	2
15032385563	465	2	2
15032385564	437	2	2
15032385565	423	2	2
15032385566	402	2	2
15032385567	387	2	2
15032385568	328	2	2
15032385569	283	2	2
15032385570	230	2	2
15032385571	216	2	2
15032385572	236	2	2
15032385573	258	2	2
15032385574	290	2	2
15032385575	359	2	2
15032385576	304	2	2
15032385577	324	2	2
15032385578	354	2	2
15032385579	367	2	2
15032385580	327	2	2
15032385581	376	2	2
15032385582	401	2	2
15032385583	323	2	2
15032385584	307	2	2
15032385585	282	2	2
15032385586	367	2	2
15032385587	346	2	2
15032385588	302	2	2
15032385589	290	2	2
15032385590	324	2	2
15032385591	120	2	2
15032385592	303	2	2
15032385593	309	2	2
15032385595	37	2	2
15032385596	702	2	2
15032385597	902	2	2
15032385598	1283	2	2
15032385599	1684	2	2
15032385600	2236	2	2
15032385601	2650	2	2
15032385602	2972	2	2
17179869191	2992	2	2
17179869192	2657	2	2
17179869193	2437	2	2
17179869194	2132	2	2
17179869195	1983	2	2
17179869196	1754	2	2
17179869197	1609	2	2
17179869198	1488	2	2
17179869199	1326	2	2
17179869200	1186	2	2
17179869201	1080	2	2
17179869202	1018	2	2
17179869203	934	2	2
17179869204	852	2	2
17179869205	807	2	2
17179869206	767	2	2
17179869207	728	2	2
17179869208	643	2	2
17179869209	613	2	2
17179869210	558	2	2
17179869211	505	2	2
17179869212	491	2	2
17179869213	456	2	2
17179869214	447	2	2
17179869215	370	2	2
17179869216	315	2	2
17179869217	241	2	2
17179869218	227	2	2
17179869219	248	2	2
17179869220	276	2	2
17179869221	313	2	2
17179869222	410	2	2
17179869223	316	2	2
17179869224	360	2	2
17179869225	394	2	2
17179869226	419	2	2
17179869227	361	2	2
17179869228	403	2	2
17179869229	445	2	2
17179869230	347	2	2
17179869231	350	2	2
17179869232	320	2	2
17179869233	404	2	2
17179869234	364	2	2
17179869235	323	2	2
17179869236	317	2	2
17179869237	343	2	2
17179869238	144	2	2
17179869239	331	2	2
17179869242	56	2	2
17179869243	819	2	2
17179869244	1029	2	2
17179869245	1486	2	2
17179869246	1977	2	2
17179869247	2562	2	2
17179869248	2968	2	2
19327352839	2968	2	2
19327352840	2735	2	2
19327352841	2403	2	2
19327352842	2159	2	2
19327352843	1954	2	2
19327352844	1779	2	2
19327352845	1640	2	2
19327352846	1474	2	2
19327352847	1294	2	2
19327352848	1195	2	2
19327352849	1081	2	2
19327352850	994	2	2
19327352851	937	2	2
19327352852	873	2	2
19327352853	830	2	2
19327352854	805	2	2
19327352855	692	2	2
19327352856	659	2	2
19327352857	583	2	2
19327352858	543	2	2
19327352859	525	2	2
19327352860	498	2	2
19327352861	475	2	2
19327352862	404	2	2
19327352863	322	2	2
19327352864	264	2	2
19327352865	225	2	2
19327352866	232	2	2
19327352867	290	2	2
19327352868	337	2	2
19327352869	412	2	2
19327352870	331	2	2
19327352871	356	2	2
19327352872	398	2	2
19327352873	437	2	2
19327352874	364	2	2
19327352875	423	2	2
19327352876	466	2	2
19327352877	335	2	2
19327352878	344	2	2
19327352879	301	2	2
19327352880	398	2	2
19327352881	348	2	2
19327352882	320	2	2
19327352883	318	2	2
19327352884	314	2	2
19327352885	107	2	2
19327352886	310	2	2
19327352887	330	2	2
19327352890	947	2	2
19327352891	1192	2	2
19327352892	1676	2	2
19327352893	2224	2	2
19327352894	2901	2	2
21474836487	2995	2	2
21474836488	2618	2	2
21474836489	2408	2	2
21474836490	2165	2	2
21474836491	1995	2	2
21474836492	1822	2	2
21474836493	1637	2	2
21474836494	1466	2	2
21474836495	1332	2	2
21474836496	1236	2	2
21474836497	1137	2	2
21474836498	1073	2	2
21474836499	985	2	2
21474836500	934	2	2
21474836501	875	2	2
21474836502	780	2	2
21474836503	747	2	2
21474836504	678	2	2
21474836505	605	2	2
21474836506	576	2	2
21474836507	553	2	2
21474836508	520	2	2
21474836509	435	2	2
21474836510	366	2	2
21474836511	279	2	2
21474836512	254	2	2
21474836513	268	2	2
21474836514	308	2	2
21474836515	346	2	2
21474836516	455	2	2
21474836517	373	2	2
21474836518	407	2	2
21474836519	443	2	2
21474836520	485	2	2
21474836521	399	2	2
21474836522	482	2	2
21474836523	521	2	2
21474836524	389	2	2
21474836525	396	2	2
21474836526	351	2	2
21474836527	450	2	2
21474836528	423	2	2
21474836529	369	2	2
21474836530	378	2	2
21474836531	395	2	2
21474836532	153	2	2
21474836536	44	2	2
21474836537	1028	2	2
21474836538	1299	2	2
21474836539	1828	2	2
21474836540	2402	2	2
23622320135	2986	2	2
23622320136	2722	2	2
23622320137	2467	2	2
23622320138	2224	2	2
23622320139	1966	2	2
23622320140	1807	2	2
23622320141	1662	2	2
23622320142	1466	2	2
23622320143	1331	2	2
23622320144	1262	2	2
23622320145	1140	2	2
23622320146	1080	2	2
23622320147	1007	2	2
23622320148	979	2	2
23622320149	855	2	2
23622320150	815	2	2
23622320151	744	2	2
23622320152	659	2	2
23622320153	602	2	2
23622320154	585	2	2
23622320155	538	2	2
23622320156	454	2	2
23622320157	383	2	2
23622320158	296	2	2
23622320159	249	2	2
23622320160	276	2	2
23622320161	341	2	2
23622320162	365	2	2
23622320163	445	2	2
23622320164	357	2	2
23622320165	385	2	2
23622320166	435	2	2
23622320167	469	2	2
23622320168	401	2	2
23622320169	470	2	2
23622320170	505	2	2
23622320171	348	2	2
23622320172	365	2	2
23622320173	333	2	2
23622320174	430	2	2
23622320175	386	2	2
23622320176	356	2	2
23622320177	355	2	2
23622320178	358	2	2
23622320180	362	2	2
23622320184	1203	2	2
23622320185	1469	2	2
23622320186	2045	2	2
23622320187	2741	2	2
25769803783	2999	2	2
25769803784	2689	2	2
25769803785	2471	2	2
25769803786	2226	2	2
25769803787	2028	2	2
25769803788	1822	2	2
25769803789	1663	2	2
25769803790	1520	2	2
25769803791	1399	2	2
25769803792	1284	2	2
25769803793	1221	2	2
25769803794	1144	2	2
25769803795	1073	2	2
25769803796	956	2	2
25769803797	896	2	2
25769803798	816	2	2
25769803799	736	2	2
25769803800	687	2	2
25769803801	646	2	2
25769803802	601	2	2
25769803803	524	2	2
25769803804	408	2	2
25769803805	321	2	2
25769803806	265	2	2
25769803807	306	2	2
25769803808	353	2	2
25769803809	396	2	2
25769803810	492	2	2
25769803811	402	2	2
25769803812	422	2	2
25769803813	454	2	2
25769803814	495	2	2
25769803815	440	2	2
25769803816	516	2	2
25769803817	544	2	2
25769803818	408	2	2
25769803819	413	2	2
25769803820	368	2	2
25769803821	484	2	2
25769803822	437	2	2
25769803823	376	2	2
25769803824	386	2	2
25769803825	401	2	2
25769803830	28	2	2
25769803831	1369	2	2
25769803832	1696	2	2
25769803833	2296	2	2
25769803834	3018	2	2
27917287432	2783	2	2
27917287433	2485	2	2
27917287434	2221	2	2
27917287435	2042	2	2
27917287436	1838	2	2
27917287437	1676	2	2
27917287438	1543	2	2
27917287439	1429	2	2
27917287440	1335	2	2
27917287441	1234	2	2
27917287442	1170	2	2
27917287443	1058	2	2
27917287444	941	2	2
27917287445	867	2	2
27917287446	803	2	2
27917287447	743	2	2
27917287448	711	2	2
27917287449	640	2	2
27917287450	519	2	2
27917287451	435	2	2
27917287452	339	2	2
27917287453	309	2	2
27917287454	328	2	2
27917287455	383	2	2
27917287456	436	2	2
27917287457	524	2	2
27917287458	426	2	2
27917287459	458	2	2
27917287460	472	2	2
27917287461	532	2	2
27917287462	433	2	2
27917287463	491	2	2
27917287464	548	2	2
27917287465	373	2	2
27917287466	348	2	2
27917287467	324	2	2
27917287468	435	2	2
27917287469	390	2	2
27917287470	338	2	2
27917287471	310	2	2
27917287472	343	2	2
27917287478	1588	2	2
27917287479	1923	2	2
27917287480	2623	2	2
27917287488	2844	2	2
30064771080	2817	2	2
30064771081	2563	2	2
30064771082	2308	2	2
30064771083	2093	2	2
30064771084	1900	2	2
30064771085	1786	2	2
30064771086	1638	2	2
30064771087	1509	2	2
30064771088	1398	2	2
30064771089	1340	2	2
30064771090	1206	2	2
30064771091	1105	2	2
30064771092	999	2	2
30064771093	944	2	2
30064771094	854	2	2
30064771095	818	2	2
30064771096	751	2	2
30064771097	612	2	2
30064771098	499	2	2
30064771099	380	2	2
30064771100	335	2	2
30064771101	380	2	2
30064771102	423	2	2
30064771103	470	2	2
30064771104	583	2	2
30064771105	465	2	2
30064771106	508	2	2
30064771107	535	2	2
30064771108	583	2	2
30064771109	498	2	2
30064771110	573	2	2
30064771111	610	2	2
30064771112	434	2	2
30064771113	448	2	2
30064771114	407	2	2
30064771115	516	2	2
30064771117	430	2	2
30064771118	439	2	2
30064771124	23	2	2
30064771125	1850	2	2
30064771126	2252	2	2
30064771127	3051	2	2
30064771134	2891	2	2
30064771135	2499	2	2
32212254728	2778	2	2
32212254729	2540	2	2
32212254730	2263	2	2
32212254731	2070	2	2
32212254732	1925	2	2
32212254733	1747	2	2
32212254734	1645	2	2
32212254735	1506	2	2
32212254736	1426	2	2
32212254737	1284	2	2
32212254738	1192	2	2
32212254739	1063	2	2
32212254740	985	2	2
32212254741	874	2	2
32212254742	841	2	2
32212254743	777	2	2
32212254744	624	2	2
32212254745	534	2	2
32212254746	411	2	2
32212254747	326	2	2
32212254748	386	2	2
32212254749	449	2	2
32212254750	494	2	2
32212254751	583	2	2
32212254752	481	2	2
32212254753	521	2	2
32212254754	544	2	2
32212254755	585	2	2
32212254756	485	2	2
32212254757	582	2	2
32212254758	617	2	2
32212254759	442	2	2
32212254760	431	2	2
32212254761	424	2	2
32212254772	1955	2	2
32212254773	2423	2	2
32212254779	3021	2	2
32212254780	2901	2	2
32212254781	2544	2	2
32212254782	2241	2	2
34359738376	2714	2	2
34359738377	2481	2	2
34359738378	2271	2	2
34359738379	2072	2	2
34359738380	1920	2	2
34359738381	1778	2	2
34359738382	1599	2	2
34359738383	1516	2	2
34359738384	1394	2	2
34359738385	1265	2	2
34359738386	1175	2	2
34359738387	1059	2	2
34359738388	949	2	2
34359738389	898	2	2
34359738390	847	2	2
34359738391	675	2	2
34359738392	572	2	2
34359738393	432	2	2
34359738394	360	2	2
34359738395	425	2	2
34359738396	486	2	2
34359738397	531	2	2
34359738398	630	2	2
34359738399	487	2	2
34359738400	548	2	2
34359738401	555	2	2
34359738402	614	2	2
34359738403	486	2	2
34359738404	587	2	2
34359738405	631	2	2
34359738406	447	2	2
34359738407	450	2	2
34359738408	424	2	2
34359738409	527	2	2
34359738411	468	2	2
34359738412	454	2	2
34359738414	104	2	2
34359738419	2358	2	2
34359738425	2919	2	2
34359738426	2807	2	2
34359738427	2631	2	2
34359738428	2342	2	2
34359738429	2028	2	2
36507222023	3010	2	2
36507222024	2735	2	2
36507222025	2559	2	2
36507222026	2324	2	2
36507222027	2099	2	2
36507222028	1949	2	2
36507222029	1780	2	2
36507222030	1671	2	2
36507222031	1518	2	2
36507222032	1411	2	2
36507222033	1292	2	2
36507222034	1225	2	2
36507222035	1079	2	2
36507222036	1040	2	2
36507222037	936	2	2
36507222038	745	2	2
36507222039	617	2	2
36507222040	463	2	2
36507222041	374	2	2
36507222042	442	2	2
36507222043	523	2	2
36507222044	580	2	2
36507222045	638	2	2
36507222046	547	2	2
36507222047	595	2	2
36507222048	613	2	2
36507222049	657	2	2
36507222050	540	2	2
36507222051	629	2	2
36507222052	697	2	2
36507222054	503	2	2
36507222055	484	2	2
36507222065	28	2	2
36507222071	2942	2	2
36507222072	2673	2	2
36507222073	2508	2	2
36507222074	2374	2	2
36507222075	2133	2	2
36507222076	1827	2	2
38654705671	2954	2	2
38654705672	2704	2	2
38654705673	2508	2	2
38654705674	2298	2	2
38654705675	2137	2	2
38654705676	1897	2	2
38654705677	1772	2	2
38654705678	1616	2	2
38654705679	1482	2	2
38654705680	1375	2	2
38654705681	1287	2	2
38654705682	1167	2	2
38654705683	1116	2	2
38654705684	977	2	2
38654705685	805	2	2
38654705686	656	2	2
38654705687	512	2	2
38654705688	392	2	2
38654705689	477	2	2
38654705690	563	2	2
38654705691	616	2	2
38654705692	701	2	2
38654705693	544	2	2
38654705694	608	2	2
38654705695	588	2	2
38654705696	646	2	2
38654705697	516	2	2
38654705698	630	2	2
38654705699	692	2	2
38654705700	471	2	2
38654705701	483	2	2
38654705705	480	2	2
38654705708	113	2	2
38654705712	23	2	2
38654705714	2675	2	2
38654705715	2956	2	2
38654705716	2898	2	2
38654705717	2921	2	2
38654705718	2715	2	2
38654705719	2405	2	2
38654705720	2247	2	2
38654705721	2126	2	2
38654705722	1872	2	2
38654705723	1640	2	2
40802189319	3057	2	2
40802189320	2861	2	2
40802189321	2600	2	2
40802189322	2404	2	2
40802189323	2181	2	2
40802189324	2039	2	2
40802189325	1822	2	2
40802189326	1684	2	2
40802189327	1598	2	2
40802189328	1401	2	2
40802189329	1257	2	2
40802189330	1240	2	2
40802189331	1123	2	2
40802189332	903	2	2
40802189333	738	2	2
40802189334	572	2	2
40802189335	456	2	2
40802189336	548	2	2
40802189337	635	2	2
40802189338	699	2	2
40802189339	786	2	2
40802189340	630	2	2
40802189341	681	2	2
40802189342	678	2	2
40802189343	742	2	2
40802189344	632	2	2
40802189345	754	2	2
40802189346	817	2	2
40802189359	139	2	2
40802189361	2315	2	2
40802189362	2595	2	2
40802189363	2563	2	2
40802189364	2584	2	2
40802189365	2447	2	2
40802189366	2129	2	2
40802189367	2047	2	2
40802189368	1908	2	2
40802189369	1698	2	2
40802189370	1412	2	2
42949672967	2910	2	2
42949672968	2671	2	2
42949672969	2480	2	2
42949672970	2257	2	2
42949672971	2067	2	2
42949672972	1856	2	2
42949672973	1709	2	2
42949672974	1588	2	2
42949672975	1422	2	2
42949672976	1285	2	2
42949672977	1238	2	2
42949672978	1141	2	2
42949672979	896	2	2
42949672980	760	2	2
42949672981	581	2	2
42949672982	465	2	2
42949672983	549	2	2
42949672984	613	2	2
42949672985	690	2	2
42949672986	760	2	2
42949672987	594	2	2
42949672988	692	2	2
42949672989	620	2	2
42949672990	669	2	2
42949672991	588	2	2
42949672992	710	2	2
42949672993	771	2	2
42949673006	27	2	2
42949673007	2215	2	2
42949673008	2150	2	2
42949673009	2349	2	2
42949673010	2348	2	2
42949673011	2398	2	2
42949673012	2172	2	2
42949673013	1941	2	2
42949673014	1850	2	2
42949673015	1717	2	2
42949673016	1535	2	2
42949673017	1292	2	2
45097156615	2957	2	2
45097156616	2751	2	2
45097156617	2485	2	2
45097156618	2277	2	2
45097156619	2041	2	2
45097156620	1879	2	2
45097156621	1738	2	2
45097156622	1572	2	2
45097156623	1402	2	2
45097156624	1338	2	2
45097156625	1191	2	2
45097156626	980	2	2
45097156627	783	2	2
45097156628	648	2	2
45097156629	498	2	2
45097156630	586	2	2
45097156631	686	2	2
45097156632	752	2	2
45097156633	823	2	2
45097156634	661	2	2
45097156635	765	2	2
45097156636	659	2	2
45097156637	746	2	2
45097156638	630	2	2
45097156639	749	2	2
45097156640	821	2	2
45097156653	54	2	2
45097156654	2017	2	2
45097156655	1942	2	2
45097156656	2165	2	2
45097156657	2121	2	2
45097156658	2151	2	2
45097156659	2017	2	2
45097156660	1815	2	2
45097156661	1650	2	2
45097156662	1541	2	2
45097156663	1394	2	2
45097156664	1172	2	2
47244640263	3036	2	2
47244640264	2768	2	2
47244640265	2524	2	2
47244640266	2260	2	2
47244640267	2101	2	2
47244640268	1899	2	2
47244640269	1725	2	2
47244640270	1549	2	2
47244640271	1482	2	2
47244640272	1338	2	2
47244640273	1096	2	2
47244640274	913	2	2
47244640275	709	2	2
47244640276	580	2	2
47244640277	657	2	2
47244640278	775	2	2
47244640279	846	2	2
47244640280	895	2	2
47244640281	721	2	2
47244640282	835	2	2
47244640283	712	2	2
47244640284	797	2	2
47244640285	649	2	2
47244640286	786	2	2
47244640287	869	2	2
47244640300	64	2	2
47244640301	1750	2	2
47244640302	1762	2	2
47244640303	1961	2	2
47244640304	1950	2	2
47244640305	1962	2	2
47244640306	1846	2	2
47244640307	1648	2	2
47244640308	1474	2	2
47244640309	1422	2	2
47244640310	1294	2	2
47244640311	1064	2	2
49392123911	3023	2	2
49392123912	2750	2	2
49392123913	2502	2	2
49392123914	2272	2	2
49392123915	2093	2	2
49392123916	1876	2	2
49392123917	1688	2	2
49392123918	1626	2	2
49392123919	1490	2	2
49392123920	1222	2	2
49392123921	988	2	2
49392123922	801	2	2
49392123923	641	2	2
49392123924	720	2	2
49392123925	862	2	2
49392123926	965	2	2
49392123927	976	2	2
49392123928	798	2	2
49392123929	913	2	2
49392123930	792	2	2
49392123931	857	2	2
49392123932	736	2	2
49392123933	854	2	2
49392123934	940	2	2
49392123947	127	2	2
49392123948	1583	2	2
49392123949	1597	2	2
49392123950	1701	2	2
49392123951	1749	2	2
49392123952	1791	2	2
49392123953	1679	2	2
49392123954	1468	2	2
49392123955	1387	2	2
49392123956	1299	2	2
49392123957	1132	2	2
49392123958	977	2	2
51539607560	2756	2	2
51539607561	2556	2	2
51539607562	2344	2	2
51539607563	2052	2	2
51539607564	1849	2	2
51539607565	1756	2	2
51539607566	1598	2	2
51539607567	1320	2	2
51539607568	1075	2	2
51539607569	865	2	2
51539607570	683	2	2
51539607571	809	2	2
51539607572	954	2	2
51539607573	1066	2	2
51539607574	1079	2	2
51539607575	891	2	2
51539607576	1044	2	2
51539607577	903	2	2
51539607578	965	2	2
51539607579	861	2	2
51539607580	1003	2	2
51539607581	1094	2	2
51539607594	209	2	2
51539607595	1432	2	2
51539607596	1428	2	2
51539607597	1535	2	2
51539607598	1577	2	2
51539607599	1614	2	2
51539607600	1552	2	2
51539607601	1311	2	2
51539607602	1231	2	2
51539607603	1162	2	2
51539607604	1047	2	2
51539607605	878	2	2
53687091207	2937	2	2
53687091208	2691	2	2
53687091209	2489	2	2
53687091210	2190	2	2
53687091211	2005	2	2
53687091212	1865	2	2
53687091213	1679	2	2
53687091214	1416	2	2
53687091215	1168	2	2
53687091216	955	2	2
53687091217	767	2	2
53687091218	906	2	2
53687091219	1073	2	2
53687091220	1155	2	2
53687091221	1178	2	2
53687091222	951	2	2
53687091223	1109	2	2
53687091224	914	2	2
53687091225	987	2	2
53687091226	858	2	2
53687091227	1028	2	2
53687091228	1133	2	2
53687091241	178	2	2
53687091242	1300	2	2
53687091243	1306	2	2
53687091244	1400	2	2
53687091245	1454	2	2
53687091246	1493	2	2
53687091247	1411	2	2
53687091248	1211	2	2
53687091249	1135	2	2
53687091250	1085	2	2
53687091251	975	2	2
53687091252	830	2	2
55834574855	3053	2	2
55834574856	2792	2	2
55834574857	2491	2	2
55834574858	2288	2	2
55834574859	2108	2	2
55834574860	1914	2	2
55834574861	1632	2	2
55834574862	1387	2	2
55834574863	1139	2	2
55834574864	840	2	2
55834574865	1033	2	2
55834574866	1182	2	2
55834574867	1278	2	2
55834574868	1266	2	2
55834574869	1058	2	2
55834574870	1237	2	2
55834574871	1003	2	2
55834574872	1090	2	2
55834574873	994	2	2
55834574874	1164	2	2
55834574875	1264	2	2
55834574884	456	2	2
55834574887	426	2	2
55834574888	236	2	2
55834574889	1186	2	2
55834574890	1172	2	2
55834574891	1265	2	2
55834574892	1354	2	2
55834574893	1389	2	2
55834574894	1320	2	2
55834574895	1118	2	2
55834574896	1055	2	2
55834574897	969	2	2
55834574898	854	2	2
55834574899	745	2	2
57982058503	3032	2	2
57982058504	2725	2	2
57982058505	2501	2	2
57982058506	2270	2	2
57982058507	2097	2	2
57982058508	1785	2	2
57982058509	1490	2	2
57982058510	1225	2	2
57982058511	958	2	2
57982058512	1143	2	2
57982058513	1307	2	2
57982058514	1416	2	2
57982058515	1392	2	2
57982058516	1184	2	2
57982058517	1354	2	2
57982058518	1077	2	2
57982058519	1157	2	2
57982058520	1045	2	2
57982058521	1252	2	2
57982058522	1369	2	2
57982058531	434	2	2
57982058534	394	2	2
57982058535	210	2	2
57982058536	1053	2	2
57982058537	1111	2	2
57982058538	1194	2	2
57982058539	1216	2	2
57982058540	1248	2	2
57982058541	1215	2	2
57982058542	1035	2	2
57982058543	957	2	2
57982058544	894	2	2
57982058545	807	2	2
57982058546	676	2	2
60129542151	2969	2	2
60129542152	2688	2	2
60129542153	2416	2	2
60129542154	2209	2	2
60129542155	1951	2	2
60129542156	1621	2	2
60129542157	1340	2	2
60129542158	1011	2	2
60129542159	1248	2	2
60129542160	1417	2	2
60129542161	1521	2	2
60129542162	1456	2	2
60129542163	1247	2	2
60129542164	1434	2	2
60129542165	1108	2	2
60129542166	1206	2	2
60129542167	1140	2	2
60129542168	1285	2	2
60129542169	1402	2	2
60129542177	690	2	2
60129542179	509	2	2
60129542180	441	2	2
60129542181	371	2	2
60129542182	203	2	2
60129542183	957	2	2
60129542184	1005	2	2
60129542185	1105	2	2
60129542186	1138	2	2
60129542187	1193	2	2
60129542188	1108	2	2
60129542189	970	2	2
60129542190	904	2	2
60129542191	837	2	2
60129542192	740	2	2
60129542193	649	2	2
62277025799	2929	2	2
62277025800	2678	2	2
62277025801	2403	2	2
62277025802	2091	2	2
62277025803	1741	2	2
62277025804	1442	2	2
62277025805	1145	2	2
62277025806	1321	2	2
62277025807	1475	2	2
62277025808	1581	2	2
62277025809	1514	2	2
62277025810	1345	2	2
62277025811	1513	2	2
62277025812	1180	2	2
62277025813	1269	2	2
62277025814	1176	2	2
62277025815	1363	2	2
62277025816	1447	2	2
62277025823	668	2	2
62277025824	633	2	2
62277025825	363	2	2
62277025826	463	2	2
62277025827	417	2	2
62277025828	342	2	2
62277025829	176	2	2
62277025830	902	2	2
62277025831	949	2	2
62277025832	1023	2	2
62277025833	1063	2	2
62277025834	1111	2	2
62277025835	1083	2	2
62277025836	901	2	2
62277025837	840	2	2
62277025838	778	2	2
62277025839	690	2	2
62277025840	586	2	2
64424509447	2932	2	2
64424509448	2650	2	2
64424509449	2328	2	2
64424509450	1943	2	2
64424509451	1618	2	2
64424509452	1304	2	2
64424509453	1446	2	2
64424509454	1664	2	2
64424509455	1746	2	2
64424509456	1633	2	2
64424509457	1461	2	2
64424509458	1675	2	2
64424509459	1327	2	2
64424509460	1421	2	2
64424509462	1567	2	2
64424509469	823	2	2
64424509470	675	2	2
64424509471	628	2	2
64424509472	405	2	2
64424509473	465	2	2
64424509474	388	2	2
64424509475	348	2	2
64424509476	206	2	2
64424509477	840	2	2
64424509478	859	2	2
64424509479	943	2	2
64424509480	997	2	2
64424509481	1049	2	2
64424509482	1021	2	2
64424509483	886	2	2
64424509484	825	2	2
64424509485	764	2	2
64424509486	695	2	2
64424509487	585	2	2
66571993095	3056	2	2
66571993096	2659	2	2
66571993097	2227	2	2
66571993098	1876	2	2
66571993099	1467	2	2
66571993100	1700	2	2
66571993101	1876	2	2
66571993102	1980	2	2
66571993103	1833	2	2
66571993104	1649	2	2
66571993105	1868	2	2
66571993106	1487	2	2
66571993107	1608	2	2
66571993115	956	2	2
66571993116	797	2	2
66571993117	668	2	2
66571993118	628	2	2
66571993119	446	2	2
66571993120	471	2	2
66571993121	422	2	2
66571993122	355	2	2
66571993123	236	2	2
66571993124	794	2	2
66571993125	819	2	2
66571993126	892	2	2
66571993127	940	2	2
66571993128	1007	2	2
66571993129	954	2	2
66571993130	846	2	2
66571993131	807	2	2
66571993132	736	2	2
66571993133	639	2	2
66571993134	565	2	2
68719476743	2890	2	2
68719476744	2435	2	2
68719476745	1999	2	2
68719476746	1598	2	2
68719476747	1817	2	2
68719476748	2001	2	2
68719476749	2131	2	2
68719476750	1938	2	2
68719476751	1738	2	2
68719476752	1947	2	2
68719476753	1602	2	2
68719476754	1686	2	2
68719476762	906	2	2
68719476763	741	2	2
68719476764	630	2	2
68719476765	595	2	2
68719476766	422	2	2
68719476767	463	2	2
68719476768	401	2	2
68719476769	339	2	2
68719476770	234	2	2
68719476771	732	2	2
68719476772	767	2	2
68719476773	808	2	2
68719476774	856	2	2
68719476775	893	2	2
68719476776	859	2	2
68719476777	758	2	2
68719476778	724	2	2
68719476779	666	2	2
68719476780	583	2	2
68719476781	499	2	2
70866960391	2717	2	2
70866960392	2306	2	2
70866960393	1775	2	2
70866960394	2046	2	2
70866960395	2246	2	2
70866960396	2335	2	2
70866960397	2097	2	2
70866960398	1907	2	2
70866960399	2096	2	2
70866960400	1703	2	2
70866960404	1588	2	2
70866960409	876	2	2
70866960410	746	2	2
70866960411	643	2	2
70866960412	609	2	2
70866960413	435	2	2
70866960414	486	2	2
70866960415	437	2	2
70866960416	352	2	2
70866960417	249	2	2
70866960418	693	2	2
70866960419	690	2	2
70866960420	726	2	2
70866960421	780	2	2
70866960422	845	2	2
70866960423	810	2	2
70866960424	725	2	2
70866960425	674	2	2
70866960426	647	2	2
70866960427	543	2	2
70866960428	472	2	2
73014444038	2895	2	2
73014444039	2417	2	2
73014444040	1888	2	2
73014444041	2158	2	2
73014444042	2372	2	2
73014444043	2456	2	2
73014444044	2158	2	2
73014444045	1971	2	2
73014444046	2184	2	2
73014444050	1471	2	2
73014444051	1416	2	2
73014444054	898	2	2
73014444055	844	2	2
73014444056	751	2	2
73014444057	630	2	2
73014444058	543	2	2
73014444059	500	2	2
73014444060	340	2	2
73014444061	379	2	2
73014444062	339	2	2
73014444063	285	2	2
73014444064	192	2	2
73014444065	647	2	2
73014444066	661	2	2
73014444067	686	2	2
73014444068	717	2	2
73014444069	775	2	2
73014444070	736	2	2
73014444071	653	2	2
73014444072	625	2	2
73014444073	580	2	2
73014444074	501	2	2
73014444075	441	2	2
75161927686	2705	2	2
75161927687	2063	2	2
75161927688	2331	2	2
75161927689	2560	2	2
75161927690	2630	2	2
75161927691	2290	2	2
75161927692	2150	2	2
75161927697	1390	2	2
75161927698	1351	2	2
75161927701	859	2	2
75161927702	823	2	2
75161927703	732	2	2
75161927704	616	2	2
75161927705	527	2	2
75161927706	481	2	2
75161927707	349	2	2
75161927708	386	2	2
75161927709	346	2	2
75161927710	280	2	2
75161927711	190	2	2
75161927712	616	2	2
75161927713	605	2	2
75161927714	639	2	2
75161927715	648	2	2
75161927716	725	2	2
75161927717	690	2	2
75161927718	615	2	2
75161927719	574	2	2
75161927720	533	2	2
75161927721	468	2	2
75161927722	405	2	2
77309411333	2934	2	2
77309411334	2241	2	2
77309411335	2537	2	2
77309411336	2766	2	2
77309411337	2800	2	2
77309411338	2375	2	2
77309411342	1575	2	2
77309411343	1258	2	2
77309411344	1288	2	2
77309411345	1249	2	2
77309411346	1017	2	2
77309411347	957	2	2
77309411348	817	2	2
77309411349	799	2	2
77309411350	683	2	2
77309411351	576	2	2
77309411352	498	2	2
77309411353	438	2	2
77309411354	325	2	2
77309411355	356	2	2
77309411356	304	2	2
77309411357	260	2	2
77309411358	177	2	2
77309411359	526	2	2
77309411360	556	2	2
77309411361	564	2	2
77309411362	588	2	2
77309411363	640	2	2
77309411364	661	2	2
77309411365	575	2	2
77309411366	545	2	2
77309411367	529	2	2
77309411368	447	2	2
77309411369	392	2	2
79456894981	2502	2	2
79456894982	2785	2	2
79456894983	3020	2	2
79456894984	3034	2	2
79456894988	1621	2	2
79456894989	1487	2	2
79456894990	1173	2	2
79456894991	1207	2	2
79456894992	1160	2	2
79456894993	937	2	2
79456894994	876	2	2
79456894995	741	2	2
79456894996	692	2	2
79456894997	640	2	2
79456894998	527	2	2
79456894999	442	2	2
79456895000	405	2	2
79456895001	300	2	2
79456895002	311	2	2
79456895003	265	2	2
79456895004	217	2	2
79456895005	151	2	2
79456895006	488	2	2
79456895007	531	2	2
79456895008	546	2	2
79456895009	575	2	2
79456895010	614	2	2
79456895011	617	2	2
79456895012	548	2	2
79456895013	527	2	2
79456895014	496	2	2
79456895015	447	2	2
79456895016	388	2	2
81604378628	2653	2	2
81604378629	3008	2	2
81604378634	2236	2	2
81604378635	1487	2	2
81604378636	1374	2	2
81604378637	1118	2	2
81604378638	1131	2	2
81604378639	1062	2	2
81604378640	856	2	2
81604378641	796	2	2
81604378642	668	2	2
81604378643	669	2	2
81604378644	590	2	2
81604378645	478	2	2
81604378646	394	2	2
81604378647	360	2	2
81604378648	271	2	2
81604378649	275	2	2
81604378650	229	2	2
81604378651	194	2	2
81604378652	121	2	2
81604378653	446	2	2
81604378654	468	2	2
81604378655	508	2	2
81604378656	528	2	2
81604378657	567	2	2
81604378658	561	2	2
81604378659	518	2	2
81604378660	500	2	2
81604378661	474	2	2
81604378662	427	2	2
81604378663	359	2	2
83751862275	2708	2	2
83751862280	2162	2	2
83751862281	2037	2	2
83751862282	1340	2	2
83751862283	1229	2	2
83751862284	1034	2	2
83751862285	1037	2	2
83751862286	984	2	2
83751862287	772	2	2
83751862288	699	2	2
83751862289	596	2	2
83751862290	586	2	2
83751862291	509	2	2
83751862292	452	2	2
83751862293	339	2	2
83751862294	304	2	2
83751862295	215	2	2
83751862296	226	2	2
83751862297	186	2	2
83751862298	161	2	2
83751862299	110	2	2
83751862300	343	2	2
83751862301	353	2	2
83751862302	393	2	2
83751862303	415	2	2
83751862304	467	2	2
83751862305	478	2	2
83751862306	426	2	2
83751862307	399	2	2
83751862308	387	2	2
83751862309	359	2	2
83751862310	312	2	2
85899345922	2999	2	2
85899345926	2374	2	2
85899345927	2018	2	2
85899345928	1884	2	2
85899345929	1251	2	2
85899345930	1156	2	2
85899345931	909	2	2
85899345932	918	2	2
85899345933	858	2	2
85899345934	690	2	2
85899345935	636	2	2
85899345936	522	2	2
85899345937	518	2	2
85899345938	453	2	2
85899345939	369	2	2
85899345940	286	2	2
85899345941	256	2	2
85899345942	183	2	2
85899345943	198	2	2
85899345944	164	2	2
85899345945	143	2	2
85899345946	86	2	2
85899345947	258	2	2
85899345948	273	2	2
85899345949	308	2	2
85899345950	322	2	2
85899345951	371	2	2
85899345952	385	2	2
85899345953	318	2	2
85899345954	330	2	2
85899345955	306	2	2
85899345956	302	2	2
85899345957	267	2	2
88046829572	2804	2	2
88046829573	2213	2	2
88046829574	1894	2	2
88046829575	1769	2	2
88046829576	1196	2	2
88046829577	1063	2	2
88046829578	871	2	2
88046829579	853	2	2
88046829580	790	2	2
88046829581	655	2	2
88046829582	612	2	2
88046829583	528	2	2
88046829584	475	2	2
88046829585	428	2	2
88046829586	362	2	2
88046829587	278	2	2
88046829588	250	2	2
88046829589	175	2	2
88046829590	176	2	2
88046829591	149	2	2
88046829592	139	2	2
88046829593	81	2	2
88046829594	182	2	2
88046829595	206	2	2
88046829596	230	2	2
88046829597	240	2	2
88046829598	279	2	2
88046829599	301	2	2
88046829600	262	2	2
88046829601	256	2	2
88046829602	246	2	2
88046829603	221	2	2
88046829604	218	2	2
90194313219	3033	2	2
90194313220	2487	2	2
90194313221	2173	2	2
90194313222	2037	2	2
90194313223	1400	2	2
90194313224	1246	2	2
90194313225	978	2	2
90194313226	945	2	2
90194313227	869	2	2
90194313228	737	2	2
90194313229	654	2	2
90194313230	567	2	2
90194313231	544	2	2
90194313232	474	2	2
90194313233	379	2	2
90194313234	314	2	2
90194313235	271	2	2
90194313236	189	2	2
90194313237	193	2	2
90194313238	161	2	2
90194313239	145	2	2
90194313240	98	2	2
90194313241	157	2	2
90194313242	173	2	2
90194313243	207	2	2
90194313244	230	2	2
90194313245	261	2	2
90194313246	271	2	2
90194313247	227	2	2
90194313248	222	2	2
90194313249	240	2	2
90194313250	208	2	2
90194313251	190	2	2
92341796867	2922	2	2
92341796868	2498	2	2
92341796869	2271	2	2
92341796870	1519	2	2
92341796871	1410	2	2
92341796872	1094	2	2
92341796873	1099	2	2
92341796874	1027	2	2
92341796875	857	2	2
92341796876	759	2	2
92341796877	656	2	2
92341796878	620	2	2
92341796879	532	2	2
92341796880	438	2	2
92341796881	351	2	2
92341796882	300	2	2
92341796883	222	2	2
92341796884	211	2	2
92341796885	195	2	2
92341796886	157	2	2
92341796887	106	2	2
92341796888	207	2	2
92341796889	224	2	2
92341796890	260	2	2
92341796891	281	2	2
92341796892	280	2	2
92341796893	284	2	2
92341796894	245	2	2
92341796895	257	2	2
92341796896	255	2	2
92341796897	226	2	2
92341796898	203	2	2
94489280515	2933	2	2
94489280516	2698	2	2
94489280517	1821	2	2
94489280518	1679	2	2
94489280519	1353	2	2
94489280520	1317	2	2
94489280521	1214	2	2
94489280522	1003	2	2
94489280523	914	2	2
94489280524	780	2	2
94489280525	725	2	2
94489280526	649	2	2
94489280527	527	2	2
94489280528	426	2	2
94489280529	387	2	2
94489280530	280	2	2
94489280531	262	2	2
94489280532	230	2	2
94489280533	221	2	2
94489280534	152	2	2
94489280535	232	2	2
94489280536	263	2	2
94489280537	302	2	2
94489280538	320	2	2
94489280539	323	2	2
94489280540	310	2	2
94489280541	272	2	2
94489280542	280	2	2
94489280543	279	2	2
94489280544	234	2	2
94489280545	216	2	2
96636764164	2105	2	2
96636764165	1897	2	2
96636764166	1509	2	2
96636764167	1514	2	2
96636764168	1378	2	2
96636764169	1145	2	2
96636764170	1025	2	2
96636764171	895	2	2
96636764172	840	2	2
96636764173	757	2	2
96636764174	627	2	2
96636764175	535	2	2
96636764176	469	2	2
96636764177	347	2	2
96636764178	319	2	2
96636764179	268	2	2
96636764180	241	2	2
96636764181	194	2	2
96636764182	259	2	2
96636764183	291	2	2
96636764184	340	2	2
96636764185	356	2	2
96636764186	360	2	2
96636764187	345	2	2
96636764188	300	2	2
96636764189	319	2	2
96636764190	329	2	2
96636764191	285	2	2
96636764192	242	2	2
98784247813	2924	2	2
98784247814	2803	2	2
98784247815	2612	2	2
98784247816	2051	2	2
98784247817	1916	2	2
98784247818	1628	2	2
98784247819	1550	2	2
98784247820	1344	2	2
98784247821	1115	2	2
98784247822	927	2	2
98784247823	830	2	2
98784247824	582	2	2
98784247825	547	2	2
98784247826	461	2	2
98784247827	365	2	2
98784247828	270	2	2
98784247829	151	2	2
98784247830	232	2	2
98784247831	305	2	2
98784247832	348	2	2
98784247833	337	2	2
98784247834	317	2	2
98784247835	276	2	2
98784247836	323	2	2
98784247837	337	2	2
98784247838	293	2	2
98784247839	275	2	2
100931731458	2964	2	2
100931731459	2640	2	2
100931731460	2042	2	2
100931731461	1933	2	2
100931731462	1810	2	2
100931731463	1493	2	2
100931731464	1345	2	2
100931731465	1151	2	2
100931731466	1059	2	2
100931731467	954	2	2
100931731468	797	2	2
100931731469	652	2	2
100931731470	568	2	2
100931731471	404	2	2
100931731472	414	2	2
100931731473	331	2	2
100931731474	288	2	2
100931731475	215	2	2
100931731477	190	2	2
100931731478	271	2	2
100931731479	301	2	2
100931731480	300	2	2
100931731481	301	2	2
100931731482	248	2	2
100931731483	285	2	2
100931731484	304	2	2
100931731485	253	2	2
100931731486	229	2	2
103079215106	2976	2	2
103079215107	2240	2	2
103079215108	2197	2	2
103079215109	2027	2	2
103079215110	1603	2	2
103079215111	1484	2	2
103079215112	1274	2	2
103079215113	1190	2	2
103079215114	1056	2	2
103079215115	884	2	2
103079215116	771	2	2
103079215117	666	2	2
103079215118	488	2	2
103079215119	472	2	2
103079215120	400	2	2
103079215121	332	2	2
103079215122	252	2	2
103079215124	227	2	2
103079215125	309	2	2
103079215126	346	2	2
103079215127	340	2	2
103079215128	340	2	2
103079215129	289	2	2
103079215130	335	2	2
103079215131	315	2	2
103079215132	277	2	2
103079215133	272	2	2
105226698757	3021	2	2
105226698758	2791	2	2
105226698759	2470	2	2
105226698760	2336	2	2
105226698761	1978	2	2
105226698762	1719	2	2
105226698763	1417	2	2
105226698764	1283	2	2
105226698765	901	2	2
105226698766	903	2	2
105226698767	761	2	2
105226698768	634	2	2
105226698769	469	2	2
105226698770	27	2	2
105226698771	47	2	2
105226698772	168	2	2
105226698773	221	2	2
105226698774	242	2	2
105226698775	248	2	2
105226698776	221	2	2
105226698777	284	2	2
105226698778	302	2	2
105226698779	257	2	2
105226698780	253	2	2
107374182405	3012	2	2
107374182406	2673	2	2
107374182407	2473	2	2
107374182408	2166	2	2
107374182409	1868	2	2
107374182410	1543	2	2
107374182411	1378	2	2
107374182412	960	2	2
107374182413	1003	2	2
107374182414	816	2	2
107374182415	725	2	2
107374182416	526	2	2
107374182417	29	2	2
107374182418	72	2	2
107374182419	197	2	2
107374182420	248	2	2
107374182421	279	2	2
107374182422	286	2	2
107374182423	229	2	2
107374182424	307	2	2
107374182425	330	2	2
107374182426	278	2	2
107374182427	271	2	2
109521666054	2989	2	2
109521666055	2614	2	2
109521666056	2305	2	2
109521666057	1940	2	2
109521666058	1743	2	2
109521666059	1235	2	2
109521666060	1212	2	2
109521666061	1029	2	2
109521666062	878	2	2
109521666063	648	2	2
109521666065	27	2	2
109521666067	114	2	2
109521666068	166	2	2
109521666069	189	2	2
109521666070	154	2	2
109521666071	215	2	2
109521666072	250	2	2
109521666073	247	2	2
109521666074	224	2	2
111669149702	2988	2	2
111669149703	2559	2	2
111669149704	2212	2	2
111669149705	1905	2	2
111669149706	1428	2	2
111669149707	1368	2	2
111669149708	1155	2	2
111669149709	994	2	2
111669149710	755	2	2
111669149712	25	2	2
111669149714	186	2	2
111669149715	242	2	2
111669149716	250	2	2
111669149717	218	2	2
111669149718	266	2	2
111669149719	288	2	2
111669149720	284	2	2
111669149721	258	2	2
113816633350	2852	2	2
113816633351	2430	2	2
113816633352	2181	2	2
113816633353	1576	2	2
113816633354	1590	2	2
113816633355	1310	2	2
113816633356	1111	2	2
113816633357	854	2	2
113816633361	201	2	2
113816633362	251	2	2
113816633363	279	2	2
113816633364	243	2	2
113816633365	316	2	2
113816633366	341	2	2
113816633367	322	2	2
113816633368	283	2	2
115964116998	2845	2	2
115964116999	2560	2	2
115964117000	1890	2	2
115964117001	1902	2	2
115964117002	1597	2	2
115964117003	1351	2	2
115964117004	1042	2	2
115964117007	26	2	2
115964117009	86	2	2
115964117010	116	2	2
115964117011	108	2	2
115964117012	190	2	2
115964117013	228	2	2
115964117014	247	2	2
115964117015	215	2	2
118111600646	3005	2	2
118111600647	2203	2	2
118111600648	2232	2	2
118111600649	1765	2	2
118111600650	1514	2	2
118111600651	1143	2	2
118111600656	65	2	2
118111600658	92	2	2
118111600659	179	2	2
118111600660	221	2	2
118111600661	239	2	2
118111600662	208	2	2
120259084294	2636	2	2
120259084295	2640	2	2
120259084296	2134	2	2
120259084297	1804	2	2
120259084298	1407	2	2
120259084301	23	2	2
120259084304	45	2	2
120259084305	40	2	2
120259084306	101	2	2
120259084307	157	2	2
120259084308	183	2	2
120259084309	159	2	2
122406567941	2943	2	2
122406567942	3062	2	2
122406567943	2432	2	2
122406567944	2093	2	2
122406567945	1561	2	2
122406567951	97	2	2
122406567952	91	2	2
122406567953	185	2	2
122406567954	242	2	2
122406567955	253	2	2
122406567956	212	2	2
124554051590	2692	2	2
124554051591	2288	2	2
124554051592	1747	2	2
124554051597	31	2	2
124554051598	52	2	2
124554051599	44	2	2
124554051600	134	2	2
124554051601	194	2	2
124554051602	227	2	2
124554051603	187	2	2
126701535238	2663	2	2
126701535239	1994	2	2
126701535244	28	2	2
126701535245	29	2	2
126701535246	22	2	2
126701535247	64	2	2
126701535248	139	2	2
126701535249	190	2	2
126701535250	136	2	2
128849018886	2444	2	2
128849018891	28	2	2
128849018892	26	2	2
128849018893	25	2	2
128849018894	44	2	2
128849018895	121	2	2
128849018896	183	2	2
128849018897	132	2	2
130996502533	2711	2	2
130996502536	20	2	2
130996502537	16	2	2
130996502538	41	2	2
130996502539	41	2	2
130996502540	21	2	2
130996502541	37	2	2
130996502542	124	2	2
130996502543	192	2	2
130996502544	145	2	2
133143986185	26	2	2
133143986186	21	2	2
133143986191	15	2	2
135291469832	32	2	2
135291469835	33	2	2
135291469836	80	2	2
135291469837	165	2	2
135291469838	125	2	2
137438953480	25	2	2
137438953482	25	2	2
137438953483	81	2	2
137438953484	160	2	2
137438953485	122	2	2
139586437126	18	2	2
139586437130	32	2	2
139586437131	129	2	2
139586437132	75	2	2
141733920776	22	2	2
141733920777	15	2	2
143881404418	2904	2	2
143881404419	2441	2	2
143881404420	2056	2	2
143881404421	1743	2	2
143881404422	1603	2	2
143881404423	1424	2	2
143881404424	1195	2	2
143881404425	996	2	2
143881404426	814	2	2
146028888066	2980	2	2
146028888067	2478	2	2
146028888068	2162	2	2
146028888069	1917	2	2
146028888070	1701	2	2
146028888071	1433	2	2
146028888072	1170	2	2
146028888073	964	2	2
148176371715	2917	2	2
148176371716	2528	2	2
148176371717	2187	2	2
148176371718	1948	2	2
148176371719	1557	2	2
148176371720	1342	2	2
150323855364	2792	2	2
150323855365	2482	2	2
150323855366	1962	2	2
150323855367	1711	2	2
152471339013	2597	2	2
152471339014	2254	2	2
154618822660	3028	2	2
154618822661	2659	2	2
156766306308	3013	2	2
4294967360	24	2	3
8589934654	17	2	3
19327352889	18	2	3
23622320183	19	2	3
27917287477	17	2	3
32212254771	28	2	3
34359738418	22	2	3
100931731476	99	2	3
103079215123	135	2	3
109521666064	29	2	3
109521666066	46	2	3
111669149711	29	2	3
111669149713	106	2	3
113816633358	27	2	3
113816633359	28	2	3
113816633360	133	2	3
115964117005	24	2	3
115964117006	20	2	3
115964117008	27	2	3
118111600652	20	2	3
118111600653	21	2	3
118111600654	22	2	3
118111600655	24	2	3
118111600657	107	2	3
120259084299	17	2	3
120259084300	19	2	3
120259084302	22	2	3
120259084303	29	2	3
122406567947	15	2	3
122406567948	16	2	3
122406567949	20	2	3
122406567950	67	2	3
124554051594	15	2	3
128849018888	15	2	3
133143986187	20	2	3
133143986188	23	2	3
133143986189	19	2	3
133143986190	22	2	3
135291469830	15	2	3
135291469833	26	2	3
135291469834	27	2	3
137438953479	27	2	3
137438953481	23	2	3
139586437127	22	2	3
139586437128	20	2	3
139586437129	30	2	3
141733920775	16	2	3
6442451007	88	2	6
8589934650	99	2	6
8589934653	204	2	6
12884901944	214	2	6
12884901945	374	2	6
12884901946	360	2	6
12884901947	341	2	6
12884901948	146	2	6
15032385594	237	2	6
17179869240	333	2	6
17179869241	285	2	6
19327352888	239	2	6
21474836533	375	2	6
21474836534	399	2	6
21474836535	324	2	6
23622320179	108	2	6
23622320181	373	2	6
23622320182	281	2	6
25769803826	137	2	6
25769803827	396	2	6
25769803828	424	2	6
25769803829	323	2	6
27917287473	46	2	6
27917287474	315	2	6
27917287475	327	2	6
27917287476	240	2	6
30064771116	463	2	6
30064771119	437	2	6
30064771120	137	2	6
30064771121	437	2	6
30064771122	466	2	6
30064771123	346	2	6
32212254762	520	2	6
32212254763	509	2	6
32212254764	448	2	6
32212254765	450	2	6
32212254766	440	2	6
32212254767	147	2	6
32212254768	462	2	6
32212254769	464	2	6
32212254770	350	2	6
34359738410	519	2	6
34359738413	440	2	6
34359738415	429	2	6
34359738416	445	2	6
34359738417	315	2	6
34359738420	2802	2	6
36507222053	498	2	6
36507222056	616	2	6
36507222057	573	2	6
36507222058	512	2	6
36507222059	527	2	6
36507222060	525	2	6
36507222061	159	2	6
36507222062	533	2	6
36507222063	525	2	6
36507222064	370	2	6
36507222066	2620	2	6
38654705702	475	2	6
38654705703	560	2	6
38654705704	537	2	6
38654705706	494	2	6
38654705707	470	2	6
38654705709	450	2	6
38654705710	451	2	6
38654705711	296	2	6
38654705713	2970	2	6
40802189347	642	2	6
40802189348	667	2	6
40802189349	636	2	6
40802189350	804	2	6
40802189351	753	2	6
40802189352	693	2	6
40802189353	701	2	6
40802189354	683	2	6
40802189355	329	2	6
40802189356	671	2	6
40802189357	669	2	6
40802189358	484	2	6
40802189360	2376	2	6
42949672994	582	2	6
42949672995	598	2	6
42949672996	564	2	6
42949672997	715	2	6
42949672998	660	2	6
42949672999	597	2	6
42949673000	636	2	6
42949673001	587	2	6
42949673002	183	2	6
42949673003	554	2	6
42949673004	510	2	6
42949673005	343	2	6
45097156641	631	2	6
45097156642	636	2	6
45097156643	611	2	6
45097156644	775	2	6
45097156645	724	2	6
45097156646	648	2	6
45097156647	650	2	6
45097156648	606	2	6
45097156649	216	2	6
45097156650	544	2	6
45097156651	496	2	6
45097156652	353	2	6
47244640288	670	2	6
47244640289	683	2	6
47244640290	640	2	6
47244640291	806	2	6
47244640292	781	2	6
47244640293	702	2	6
47244640294	691	2	6
47244640295	687	2	6
47244640296	245	2	6
47244640297	539	2	6
47244640298	470	2	6
47244640299	315	2	6
49392123935	759	2	6
49392123936	777	2	6
49392123937	760	2	6
49392123938	952	2	6
49392123939	926	2	6
49392123940	844	2	6
49392123941	851	2	6
49392123942	771	2	6
49392123943	345	2	6
49392123944	586	2	6
49392123945	506	2	6
49392123946	366	2	6
51539607582	896	2	6
51539607583	939	2	6
51539607584	957	2	6
51539607585	1155	2	6
51539607586	1099	2	6
51539607587	1015	2	6
51539607588	937	2	6
51539607589	872	2	6
51539607590	456	2	6
51539607591	652	2	6
51539607592	575	2	6
51539607593	442	2	6
53687091229	952	2	6
53687091230	991	2	6
53687091231	1000	2	6
53687091232	1172	2	6
53687091233	1142	2	6
53687091234	962	2	6
53687091235	865	2	6
53687091236	800	2	6
53687091237	381	2	6
53687091238	588	2	6
53687091239	500	2	6
53687091240	386	2	6
55834574876	1104	2	6
55834574877	1161	2	6
55834574878	1143	2	6
55834574879	1339	2	6
55834574880	1212	2	6
55834574881	1039	2	6
55834574882	896	2	6
55834574883	842	2	6
55834574885	628	2	6
55834574886	544	2	6
57982058523	1155	2	6
57982058524	1180	2	6
57982058525	1159	2	6
57982058526	1268	2	6
57982058527	1113	2	6
57982058528	950	2	6
57982058529	840	2	6
57982058530	755	2	6
57982058532	559	2	6
57982058533	475	2	6
60129542170	1194	2	6
60129542171	1238	2	6
60129542172	1153	2	6
60129542173	1200	2	6
60129542174	1043	2	6
60129542175	873	2	6
60129542176	753	2	6
60129542178	413	2	6
62277025817	1247	2	6
62277025818	1252	2	6
62277025819	1114	2	6
62277025820	1087	2	6
62277025821	962	2	6
62277025822	808	2	6
64424509461	1334	2	6
64424509463	1661	2	6
64424509464	1411	2	6
64424509465	1282	2	6
64424509466	1116	2	6
64424509467	1135	2	6
64424509468	964	2	6
66571993108	1477	2	6
66571993109	1742	2	6
66571993110	1815	2	6
66571993111	1382	2	6
66571993112	1304	2	6
66571993113	1114	2	6
66571993114	1109	2	6
68719476755	1525	2	6
68719476756	1705	2	6
68719476757	1672	2	6
68719476758	1269	2	6
68719476759	1178	2	6
68719476760	1039	2	6
68719476761	998	2	6
70866960401	1784	2	6
70866960402	1594	2	6
70866960403	1624	2	6
70866960405	1258	2	6
70866960406	1172	2	6
70866960407	1023	2	6
70866960408	980	2	6
73014444047	1760	2	6
73014444048	1821	2	6
73014444049	1419	2	6
73014444052	1108	2	6
73014444053	1021	2	6
75161927693	2335	2	6
75161927694	1832	2	6
75161927695	1754	2	6
75161927696	1376	2	6
75161927699	1069	2	6
75161927700	995	2	6
77309411339	2265	2	6
77309411340	2397	2	6
77309411341	1720	2	6
79456894985	2591	2	6
79456894986	2438	2	6
79456894987	2393	2	6
81604378632	2690	2	6
81604378633	2403	2	6
83751862279	2582	2	6
2147483649	5630	2	0
2147483650	4810	2	0
2147483651	4221	2	0
2147483652	4091	2	0
2147483653	3876	2	0
2147483654	3261	2	0
4294967297	5761	2	0
4294967298	4944	2	0
4294967299	4587	2	0
4294967300	4461	2	0
4294967301	3842	2	0
4294967302	3418	2	0
4294967303	3080	2	0
6442450945	5696	2	0
6442450946	5298	2	0
6442450947	5267	2	0
6442450948	4470	2	0
6442450949	4081	2	0
6442450950	3589	2	0
6442450951	3311	2	0
8589934593	7318	2	0
8589934594	6177	2	0
8589934595	5082	2	0
8589934596	4555	2	0
8589934597	4250	2	0
8589934598	3804	2	0
8589934599	3468	2	0
8589934600	3088	2	0
8589934663	3117	2	0
8589934664	3345	2	0
8589934665	3455	2	0
10737418241	5768	2	0
10737418242	4807	2	0
10737418243	4318	2	0
10737418244	4107	2	0
10737418245	3615	2	0
10737418246	3265	2	0
10737418311	3201	2	0
10737418312	3301	2	0
12884901889	5542	2	0
12884901890	4970	2	0
12884901891	4496	2	0
12884901892	4026	2	0
12884901893	3549	2	0
12884901894	3166	2	0
12884901957	3348	2	0
12884901958	3613	2	0
12884901959	3755	2	0
15032385537	5712	2	0
15032385538	5170	2	0
15032385539	4694	2	0
15032385540	4187	2	0
15032385541	3764	2	0
15032385542	3240	2	0
15032385603	3459	2	0
15032385604	3885	2	0
15032385605	4190	2	0
15032385606	4258	2	0
17179869185	5795	2	0
17179869186	5328	2	0
17179869187	4689	2	0
17179869188	4278	2	0
17179869189	3726	2	0
17179869190	3303	2	0
17179869249	3281	2	0
17179869250	3698	2	0
17179869251	4126	2	0
17179869252	4518	2	0
17179869253	4347	2	0
19327352833	5868	2	0
19327352834	5292	2	0
19327352835	4796	2	0
19327352836	4215	2	0
19327352837	3736	2	0
19327352838	3360	2	0
19327352895	3328	2	0
19327352896	3622	2	0
19327352897	4025	2	0
19327352898	4497	2	0
19327352899	4674	2	0
19327352900	4346	2	0
21474836481	5905	2	0
21474836482	5312	2	0
21474836483	4619	2	0
21474836484	4143	2	0
21474836485	3714	2	0
21474836486	3284	2	0
21474836541	3104	2	0
21474836542	3521	2	0
21474836543	3777	2	0
21474836544	4177	2	0
21474836545	4627	2	0
21474836546	4482	2	0
21474836547	3752	2	0
23622320129	6056	2	0
23622320130	5235	2	0
23622320131	4674	2	0
23622320132	4191	2	0
23622320133	3691	2	0
23622320134	3406	2	0
23622320188	3468	2	0
23622320189	3854	2	0
23622320190	4149	2	0
23622320191	4629	2	0
23622320192	4584	2	0
23622320193	3957	2	0
23622320194	3491	2	0
25769803777	5809	2	0
25769803778	5184	2	0
25769803779	4648	2	0
25769803780	4153	2	0
25769803781	3753	2	0
25769803782	3358	2	0
25769803835	3766	2	0
25769803836	4158	2	0
25769803837	4406	2	0
25769803838	4519	2	0
25769803839	3973	2	0
25769803840	3591	2	0
25769803841	3117	2	0
27917287425	5808	2	0
27917287426	5162	2	0
27917287427	4700	2	0
27917287428	4218	2	0
27917287429	3822	2	0
27917287430	3338	2	0
27917287431	3116	2	0
27917287481	3367	2	0
27917287482	4153	2	0
27917287483	4639	2	0
27917287484	4421	2	0
27917287485	3772	2	0
27917287486	3593	2	0
27917287487	3240	2	0
30064771073	6068	2	0
30064771074	5456	2	0
30064771075	4914	2	0
30064771076	4238	2	0
30064771077	3857	2	0
30064771078	3538	2	0
30064771079	3153	2	0
30064771128	3860	2	0
30064771129	4660	2	0
30064771130	4408	2	0
30064771131	3636	2	0
30064771132	3395	2	0
30064771133	3205	2	0
32212254721	6112	2	0
32212254722	5378	2	0
32212254723	4621	2	0
32212254724	4183	2	0
32212254725	3884	2	0
32212254726	3480	2	0
32212254727	3097	2	0
32212254774	3325	2	0
32212254775	4141	2	0
32212254776	4219	2	0
32212254777	3747	2	0
32212254778	3238	2	0
34359738369	6073	2	0
34359738370	5280	2	0
34359738371	4727	2	0
34359738372	4297	2	0
34359738373	3849	2	0
34359738374	3423	2	0
34359738375	3097	2	0
34359738421	3807	2	0
34359738422	3917	2	0
34359738423	3749	2	0
34359738424	3404	2	0
36507222017	5906	2	0
36507222018	5256	2	0
36507222019	4896	2	0
36507222020	4290	2	0
36507222021	3781	2	0
36507222022	3443	2	0
36507222067	3187	2	0
36507222068	3447	2	0
36507222069	3375	2	0
36507222070	3266	2	0
38654705665	5712	2	0
38654705666	5255	2	0
38654705667	4598	2	0
38654705668	4075	2	0
38654705669	3702	2	0
38654705670	3302	2	0
40802189313	5916	2	0
40802189314	5233	2	0
40802189315	4629	2	0
40802189316	4213	2	0
40802189317	3785	2	0
40802189318	3430	2	0
42949672961	5675	2	0
42949672962	4956	2	0
42949672963	4414	2	0
42949672964	3931	2	0
42949672965	3530	2	0
42949672966	3229	2	0
45097156609	5656	2	0
45097156610	4872	2	0
45097156611	4328	2	0
45097156612	3885	2	0
45097156613	3523	2	0
45097156614	3261	2	0
47244640257	5511	2	0
47244640258	4843	2	0
47244640259	4312	2	0
47244640260	3942	2	0
47244640261	3590	2	0
47244640262	3308	2	0
49392123905	5531	2	0
49392123906	4923	2	0
49392123907	4451	2	0
49392123908	4060	2	0
49392123909	3678	2	0
49392123910	3346	2	0
51539607553	5823	2	0
51539607554	5079	2	0
51539607555	4558	2	0
51539607556	4139	2	0
51539607557	3755	2	0
51539607558	3396	2	0
51539607559	3081	2	0
53687091201	5586	2	0
53687091202	4906	2	0
53687091203	4430	2	0
53687091204	4030	2	0
53687091205	3635	2	0
53687091206	3312	2	0
55834574849	5607	2	0
55834574850	4967	2	0
55834574851	4530	2	0
55834574852	4137	2	0
55834574853	3699	2	0
55834574854	3326	2	0
57982058497	5704	2	0
57982058498	5118	2	0
57982058499	4563	2	0
57982058500	4065	2	0
57982058501	3628	2	0
57982058502	3316	2	0
60129542145	5480	2	0
60129542146	4855	2	0
60129542147	4326	2	0
60129542148	3808	2	0
60129542149	3558	2	0
60129542150	3251	2	0
62277025793	5444	2	0
62277025794	4887	2	0
62277025795	4301	2	0
62277025796	3931	2	0
62277025797	3561	2	0
62277025798	3208	2	0
64424509441	5542	2	0
64424509442	4802	2	0
64424509443	4481	2	0
64424509444	4025	2	0
64424509445	3567	2	0
64424509446	3199	2	0
66571993089	5531	2	0
66571993090	5065	2	0
66571993091	4585	2	0
66571993092	4058	2	0
66571993093	3673	2	0
66571993094	3331	2	0
68719476737	5540	2	0
68719476738	5065	2	0
68719476739	4440	2	0
68719476740	3994	2	0
68719476741	3665	2	0
68719476742	3334	2	0
70866960385	5551	2	0
70866960386	4985	2	0
70866960387	4435	2	0
70866960388	4077	2	0
70866960389	3654	2	0
70866960390	3247	2	0
73014444033	5260	2	0
73014444034	4729	2	0
73014444035	4295	2	0
73014444036	3871	2	0
73014444037	3436	2	0
75161927681	5320	2	0
75161927682	4756	2	0
75161927683	4313	2	0
75161927684	3828	2	0
75161927685	3191	2	0
77309411329	5132	2	0
77309411330	4615	2	0
77309411331	4171	2	0
77309411332	3436	2	0
79456894977	5075	2	0
79456894978	4501	2	0
79456894979	3830	2	0
79456894980	3189	2	0
81604378625	4727	2	0
81604378626	4091	2	0
81604378627	3477	2	0
81604378630	3191	2	0
81604378631	3168	2	0
83751862273	4287	2	0
83751862274	3607	2	0
83751862276	3088	2	0
83751862277	3383	2	0
83751862278	3295	2	0
85899345921	4047	2	0
85899345923	3470	2	0
85899345924	3696	2	0
85899345925	3201	2	0
88046829569	3310	2	0
88046829570	3760	2	0
88046829571	3232	2	0
90194313217	4106	2	0
90194313218	3529	2	0
92341796865	4525	2	0
92341796866	3863	2	0
94489280513	4946	2	0
94489280514	3538	2	0
96636764161	4304	2	0
96636764162	3513	2	0
96636764163	3230	2	0
98784247809	4591	2	0
98784247810	4168	2	0
98784247811	4144	2	0
98784247812	3745	2	0
100931731457	4245	2	0
103079215105	3422	2	0
105226698753	5621	2	0
105226698754	4359	2	0
105226698755	4203	2	0
105226698756	3886	2	0
107374182401	4744	2	0
107374182402	4604	2	0
107374182403	4262	2	0
107374182404	3294	2	0
109521666049	5348	2	0
109521666050	4679	2	0
109521666051	4052	2	0
109521666052	3650	2	0
109521666053	3239	2	0
111669149697	5745	2	0
111669149698	4491	2	0
111669149699	4152	2	0
111669149700	3640	2	0
111669149701	3353	2	0
113816633345	4860	2	0
113816633346	4466	2	0
113816633347	3882	2	0
113816633348	3709	2	0
113816633349	3276	2	0
115964116993	5475	2	0
115964116994	4671	2	0
115964116995	4301	2	0
115964116996	3799	2	0
115964116997	3312	2	0
118111600641	5565	2	0
118111600642	5009	2	0
118111600643	4371	2	0
118111600644	3810	2	0
118111600645	3280	2	0
120259084289	5618	2	0
120259084290	5136	2	0
120259084291	4514	2	0
120259084292	3926	2	0
120259084293	3489	2	0
122406567937	5898	2	0
122406567938	5080	2	0
122406567939	4418	2	0
122406567940	3907	2	0
124554051585	5554	2	0
124554051586	4864	2	0
124554051587	4351	2	0
124554051588	3291	2	0
124554051589	3364	2	0
126701535233	5740	2	0
126701535234	5092	2	0
126701535235	3821	2	0
126701535236	3915	2	0
126701535237	3117	2	0
128849018881	6015	2	0
128849018882	4549	2	0
128849018883	4656	2	0
128849018884	3741	2	0
128849018885	3177	2	0
130996502529	5303	2	0
130996502530	5339	2	0
130996502531	4044	2	0
130996502532	3463	2	0
133143986177	5372	2	0
133143986178	4222	2	0
133143986179	3752	2	0
133143986180	3150	2	0
135291469825	5567	2	0
135291469826	4633	2	0
135291469827	3629	2	0
137438953473	5447	2	0
137438953474	4316	2	0
139586437121	5149	2	0
143881404417	3415	2	0
146028888065	3675	2	0
148176371713	4117	2	0
148176371714	3390	2	0
150323855361	4505	2	0
150323855362	3837	2	0
150323855363	3293	2	0
152471339009	4992	2	0
152471339010	4272	2	0
152471339011	3649	2	0
152471339012	3221	2	0
154618822657	5039	2	0
154618822658	4222	2	0
154618822659	3693	2	0
156766306305	4908	2	0
156766306306	4222	2	0
156766306307	3426	2	0
158913789953	5321	2	0
158913789954	4072	2	0
158913789955	3616	2	0
161061273601	4813	2	0
161061273602	4136	2	0
163208757249	4712	2	0
