2147483655
2147483656
6442450952
6442451017
6442451018
8589934662
10737418247
15032385602
17179869191
17179869248
19327352839
19327352840
19327352894
21474836487
25769803834
27917287432
32212254779
32212254780
36507222071
38654705715
38654705716
38654705717
40802189319
40802189320
47244640263
51539607560
57982058503
62277025799
64424509447
68719476743
79456894983
79456894984
143881404418
156766306308
2147483649
4294967297
6442450945
8589934593
8589934594
15032385537
17179869185
19327352833
21474836481
23622320129
25769803777
27917287425
30064771073
30064771074
32212254721
34359738369
36507222017
40802189313
42949672961
45097156609
47244640257
51539607553
53687091201
55834574849
57982058497
60129542145
62277025793
64424509441
66571993089
68719476737
70866960385
73014444033
75161927681
