111669149742
109521666095
107374182448
98784247860
96636764213
94489280566
92341796919
90194313272
88046829625
85899345978
85899345975
83751862331
81604378684
79456895037
77309411390
77309411389
77309411387
75161927743
73014444096
73014444095
73014444093
70866960449
68719476802
68719476801
66571993155
66571993154
66571993153
66571993147
64424509508
64424509507
64424509505
62277025861
62277025858
62277025853
62277025852
60129542214
60129542213
60129542212
60129542207
60129542205
57982058567
57982058566
55834574920
55834574919
55834574918
55834574917
55834574911
53687091273
53687091267
53687091265
53687091261
51539607626
51539607624
51539607623
49392123979
49392123966
47244640332
47244640331
47244640330
47244640329
47244640319
45097156685
45097156684
45097156683
45097156682
45097156679
45097156678
45097156673
45097156672
42949673037
42949673036
42949673034
42949673032
42949673030
42949673029
42949673028
42949673026
42949673025
42949673021
42949673019
40802189391
40802189390
40802189389
40802189385
40802189379
38654705743
38654705742
38654705741
38654705740
38654705738
38654705736
38654705735
38654705734
38654705733
38654705732
38654705730
38654705728
38654705727
36507222096
36507222094
36507222093
36507222091
36507222090
36507222089
36507222088
36507222087
36507222085
36507222084
36507222083
36507222082
36507222081
36507222080
36507222079
36507222078
36507222077
36507222076
36507222075
36507222074
36507222072
36507222070
34359738447
34359738446
34359738444
34359738443
34359738442
34359738441
34359738440
34359738439
34359738438
34359738437
34359738436
34359738435
34359738434
34359738433
34359738432
32212254802
32212254800
32212254799
32212254797
32212254796
32212254795
32212254794
32212254793
32212254792
32212254791
32212254790
32212254789
32212254788
32212254787
32212254786
32212254785
30064771156
30064771155
30064771153
30064771152
30064771151
30064771150
30064771149
30064771148
30064771147
30064771146
30064771145
30064771144
30064771143
30064771142
30064771141
30064771140
30064771139
27917287507
27917287506
27917287505
27917287504
27917287503
27917287502
27917287501
27917287500
27917287499
27917287498
27917287497
27917287496
27917287495
27917287494
27917287493
27917287492
25769803859
25769803858
25769803857
25769803856
25769803855
25769803854
25769803853
25769803852
25769803851
25769803850
25769803849
25769803847
25769803845
23622320213
23622320212
23622320211
23622320210
23622320209
23622320208
23622320207
23622320206
23622320205
23622320204
23622320203
23622320202
23622320201
23622320200
23622320199
23622320198
23622320197
23622320196
21474836568
21474836567
21474836565
21474836564
21474836563
21474836562
21474836561
21474836560
21474836559
21474836558
21474836557
21474836556
21474836555
21474836554
21474836553
21474836551
21474836549
21474836547
19327352918
19327352917
19327352916
19327352915
19327352914
19327352913
19327352912
19327352911
19327352909
19327352908
19327352906
19327352905
19327352904
19327352902
19327352900
17179869271
17179869270
17179869269
17179869268
17179869267
17179869266
17179869265
17179869264
17179869263
17179869262
17179869261
17179869258
17179869257
17179869255
15032385623
15032385621
15032385620
15032385619
15032385618
15032385617
15032385616
15032385615
15032385614
15032385613
15032385612
15032385611
15032385610
15032385609
15032385608
15032385606
15032385605
15032385600
12884901974
12884901972
12884901971
12884901968
12884901967
12884901965
12884901964
12884901963
12884901962
12884901961
12884901959
10737418327
10737418326
10737418325
10737418324
10737418321
10737418320
10737418319
10737418318
10737418317
10737418316
10737418315
10737418314
8589934680
8589934679
8589934678
8589934677
8589934673
8589934671
8589934670
8589934669
8589934667
8589934665
6442451033
6442451032
6442451031
6442451030
6442451026
6442451024
6442451023
6442451022
6442451021
6442451020
6442451019
6442451018
4294967384
4294967383
4294967379
4294967376
4294967375
4294967371
4294967367
4294967365
4294967359
4294967357
2147483739
2147483737
2147483736
2147483734
2147483733
2147483732
2147483730
2147483729
2147483726
2147483724
2147483720
2147483719
2147483712
2147483704
186831077377
167503724546
154618822659
154618822658
152471339014
146028888068
143881404422
141733920772
139586437127
133143986178
130996502536
128849018886
128849018883
128849018882
126701535240
124554051590
124554051587
122406567944
122406567943
118111600648
115964116998
115964116995
113816633352
113816633351
111669149702
111669149701
107374182405
105226698759
105226698757
96636764168
96636764167
92341796872
92341796871
90194313222
90194313219
88046829576
88046829575
85899345924
85899345922
85899345921
83751862280
83751862279
81604378625
79456894984
79456894983
79456894981
79456894979
77309411332
77309411329
75161927688
75161927683
73014444036
73014444033
70866960390
70866960387
66571993094
66571993091
64424509444
64424509441
62277025795
60129542145
55834574850
53687091206
53687091204
53687091203
45097156610
36507222018
27917287426
2147483649
152471339009
143881404418
139586437122
135291469826
130996502530
126701535234
126701535233
122406567938
122406567937
118111600642
118111600641
113816633346
113816633345
109521666050
109521666049
107374182402
105226698754
105226698753
100931731457
96636764161
94489280514
92341796866
92341796865
88046829569
79456894978
75161927682
