pair_id	rows	cols	config
111669149742	0	2	0
109521666095	0	2	0
107374182448	0	2	0
98784247860	0	2	0
96636764213	0	2	0
94489280566	0	2	0
92341796919	0	2	0
90194313272	0	2	0
88046829625	0	2	0
85899345978	0	2	0
85899345975	0	2	0
83751862331	0	2	0
81604378684	0	2	0
79456895037	0	2	0
77309411390	0	2	0
77309411389	0	2	0
77309411387	0	2	0
75161927743	0	2	0
73014444096	0	2	0
73014444095	0	2	0
73014444093	0	2	0
70866960449	0	2	0
68719476802	0	2	0
68719476801	0	2	0
66571993155	0	2	0
66571993154	0	2	0
66571993153	0	2	0
66571993147	0	2	0
64424509508	0	2	0
64424509507	0	2	0
64424509505	0	2	0
62277025861	0	2	0
62277025858	0	2	0
62277025853	0	2	0
62277025852	0	2	0
60129542214	0	2	0
60129542213	0	2	0
60129542212	0	2	0
60129542207	0	2	0
60129542205	0	2	0
57982058567	0	2	0
57982058566	0	2	0
55834574920	0	2	0
55834574919	0	2	0
55834574918	0	2	0
55834574917	0	2	0
55834574911	0	2	0
53687091273	0	2	0
53687091267	0	2	0
53687091265	0	2	0
53687091261	0	2	0
51539607626	0	2	0
51539607624	0	2	0
51539607623	0	2	0
49392123979	0	2	0
49392123966	0	2	0
47244640332	0	2	0
47244640331	0	2	0
47244640330	0	2	0
47244640329	0	2	0
47244640319	0	2	0
45097156685	0	2	0
45097156684	0	2	0
45097156683	0	2	0
45097156682	0	2	0
45097156679	0	2	0
45097156678	0	2	0
45097156673	0	2	0
45097156672	0	2	0
42949673037	0	2	0
42949673036	0	2	0
42949673034	0	2	0
42949673032	0	2	0
42949673030	0	2	0
42949673029	0	2	0
42949673028	0	2	0
42949673026	0	2	0
42949673025	0	2	0
42949673021	0	2	0
42949673019	0	2	0
40802189391	0	2	0
40802189390	0	2	0
40802189389	0	2	0
40802189385	0	2	0
40802189379	0	2	0
38654705743	0	2	0
38654705742	0	2	0
38654705741	0	2	0
38654705740	0	2	0
38654705738	0	2	0
38654705736	0	2	0
38654705735	0	2	0
38654705734	0	2	0
38654705733	0	2	0
38654705732	0	2	0
38654705730	0	2	0
38654705728	0	2	0
38654705727	0	2	0
36507222096	0	2	0
36507222094	0	2	0
36507222093	0	2	0
36507222091	0	2	0
36507222090	0	2	0
36507222089	0	2	0
36507222088	0	2	0
36507222087	0	2	0
36507222085	0	2	0
36507222084	0	2	0
36507222083	0	2	0
36507222082	0	2	0
36507222081	0	2	0
36507222080	0	2	0
36507222079	0	2	0
36507222078	0	2	0
36507222077	0	2	0
36507222076	0	2	0
36507222075	0	2	0
36507222074	0	2	0
36507222072	0	2	0
36507222070	0	2	0
34359738447	0	2	0
34359738446	0	2	0
34359738444	0	2	0
34359738443	0	2	0
34359738442	0	2	0
34359738441	0	2	0
34359738440	0	2	0
34359738439	0	2	0
34359738438	0	2	0
34359738437	0	2	0
34359738436	0	2	0
34359738435	0	2	0
34359738434	0	2	0
34359738433	0	2	0
34359738432	0	2	0
32212254802	0	2	0
32212254800	0	2	0
32212254799	0	2	0
32212254797	0	2	0
32212254796	0	2	0
32212254795	0	2	0
32212254794	0	2	0
32212254793	0	2	0
32212254792	0	2	0
32212254791	0	2	0
32212254790	0	2	0
32212254789	0	2	0
32212254788	0	2	0
32212254787	0	2	0
32212254786	0	2	0
32212254785	0	2	0
30064771156	0	2	0
30064771155	0	2	0
30064771153	0	2	0
30064771152	0	2	0
30064771151	0	2	0
30064771150	0	2	0
30064771149	0	2	0
30064771148	0	2	0
30064771147	0	2	0
30064771146	0	2	0
30064771145	0	2	0
30064771144	0	2	0
30064771143	0	2	0
30064771142	0	2	0
30064771141	0	2	0
30064771140	0	2	0
30064771139	0	2	0
27917287507	0	2	0
27917287506	0	2	0
27917287505	0	2	0
27917287504	0	2	0
27917287503	0	2	0
27917287502	0	2	0
27917287501	0	2	0
27917287500	0	2	0
27917287499	0	2	0
27917287498	0	2	0
27917287497	0	2	0
27917287496	0	2	0
27917287495	0	2	0
27917287494	0	2	0
27917287493	0	2	0
27917287492	0	2	0
25769803859	0	2	0
25769803858	0	2	0
25769803857	0	2	0
25769803856	0	2	0
25769803855	0	2	0
25769803854	0	2	0
25769803853	0	2	0
25769803852	0	2	0
25769803851	0	2	0
25769803850	0	2	0
25769803849	0	2	0
25769803847	0	2	0
25769803845	0	2	0
23622320213	0	2	0
23622320212	0	2	0
23622320211	0	2	0
23622320210	0	2	0
23622320209	0	2	0
23622320208	0	2	0
23622320207	0	2	0
23622320206	0	2	0
23622320205	0	2	0
23622320204	0	2	0
23622320203	0	2	0
23622320202	0	2	0
23622320201	0	2	0
23622320200	0	2	0
23622320199	0	2	0
23622320198	0	2	0
23622320197	0	2	0
23622320196	0	2	0
21474836568	0	2	0
21474836567	0	2	0
21474836565	0	2	0
21474836564	0	2	0
21474836563	0	2	0
21474836562	0	2	0
21474836561	0	2	0
21474836560	0	2	0
21474836559	0	2	0
21474836558	0	2	0
21474836557	0	2	0
21474836556	0	2	0
21474836555	0	2	0
21474836554	0	2	0
21474836553	0	2	0
21474836551	0	2	0
21474836549	0	2	0
21474836547	0	2	0
19327352918	0	2	0
19327352917	0	2	0
19327352916	0	2	0
19327352915	0	2	0
19327352914	0	2	0
19327352913	0	2	0
19327352912	0	2	0
19327352911	0	2	0
19327352909	0	2	0
19327352908	0	2	0
19327352906	0	2	0
19327352905	0	2	0
19327352904	0	2	0
19327352902	0	2	0
19327352900	0	2	0
17179869271	0	2	0
17179869270	0	2	0
17179869269	0	2	0
17179869268	0	2	0
17179869267	0	2	0
17179869266	0	2	0
17179869265	0	2	0
17179869264	0	2	0
17179869263	0	2	0
17179869262	0	2	0
17179869261	0	2	0
17179869258	0	2	0
17179869257	0	2	0
17179869255	0	2	0
15032385623	0	2	0
15032385621	0	2	0
15032385620	0	2	0
15032385619	0	2	0
15032385618	0	2	0
15032385617	0	2	0
15032385616	0	2	0
15032385615	0	2	0
15032385614	0	2	0
15032385613	0	2	0
15032385612	0	2	0
15032385611	0	2	0
15032385610	0	2	0
15032385609	0	2	0
15032385608	0	2	0
15032385606	0	2	0
15032385605	0	2	0
15032385600	0	2	0
12884901974	0	2	0
12884901972	0	2	0
12884901971	0	2	0
12884901968	0	2	0
12884901967	0	2	0
12884901965	0	2	0
12884901964	0	2	0
12884901963	0	2	0
12884901962	0	2	0
12884901961	0	2	0
12884901959	0	2	0
10737418327	0	2	0
10737418326	0	2	0
10737418325	0	2	0
10737418324	0	2	0
10737418321	0	2	0
10737418320	0	2	0
10737418319	0	2	0
10737418318	0	2	0
10737418317	0	2	0
10737418316	0	2	0
10737418315	0	2	0
10737418314	0	2	0
8589934680	0	2	0
8589934679	0	2	0
8589934678	0	2	0
8589934677	0	2	0
8589934673	0	2	0
8589934671	0	2	0
8589934670	0	2	0
8589934669	0	2	0
8589934667	0	2	0
8589934665	0	2	0
6442451033	0	2	0
6442451032	0	2	0
6442451031	0	2	0
6442451030	0	2	0
6442451026	0	2	0
6442451024	0	2	0
6442451023	0	2	0
6442451022	0	2	0
6442451021	0	2	0
6442451020	0	2	0
6442451019	0	2	0
6442451018	0	2	0
4294967384	0	2	0
4294967383	0	2	0
4294967379	0	2	0
4294967376	0	2	0
4294967375	0	2	0
4294967371	0	2	0
4294967367	0	2	0
4294967365	0	2	0
4294967359	0	2	0
4294967357	0	2	0
2147483739	0	2	0
2147483737	0	2	0
2147483736	0	2	0
2147483734	0	2	0
2147483733	0	2	0
2147483732	0	2	0
2147483730	0	2	0
2147483729	0	2	0
2147483726	0	2	0
2147483724	0	2	0
2147483720	0	2	0
2147483719	0	2	0
2147483712	0	2	0
2147483704	0	2	0
208305913857	1278	2	2
206158430210	699	2	2
206158430209	1300	2	2
204010946563	921	2	2
204010946562	1490	2	2
201863462916	550	2	2
201863462915	884	2	2
201863462914	1219	2	2
201863462913	1183	2	2
199715979269	675	2	2
199715979268	1050	2	2
199715979267	1186	2	2
199715979266	1923	2	2
197568495622	354	2	2
197568495621	752	2	2
197568495620	1010	2	2
197568495619	1034	2	2
197568495618	1698	2	2
197568495617	1627	2	2
195421011975	416	2	2
195421011974	871	2	2
195421011973	992	2	2
195421011972	1620	2	2
195421011971	1554	2	2
195421011970	2573	2	2
193273528328	288	2	2
193273528327	662	2	2
193273528326	807	2	2
193273528325	965	2	2
193273528324	1167	2	2
193273528323	1198	2	2
193273528322	1670	2	2
193273528321	1556	2	2
191126044681	357	2	2
191126044680	761	2	2
191126044679	834	2	2
191126044678	1063	2	2
191126044677	1070	2	2
191126044676	1374	2	2
191126044675	1509	2	2
191126044674	1849	2	2
188978561034	236	2	2
188978561033	489	2	2
188978561032	689	2	2
188978561031	670	2	2
188978561030	938	2	2
188978561029	960	2	2
188978561028	1215	2	2
188978561027	1126	2	2
188978561026	1774	2	2
188978561025	1509	2	2
186831077387	349	2	2
186831077386	650	2	2
186831077385	732	2	2
186831077384	889	2	2
186831077383	1049	2	2
186831077382	1297	2	2
186831077377	2976	2	2
184683593740	214	2	2
184683593739	445	2	2
184683593738	599	2	2
184683593737	573	2	2
184683593736	970	2	2
184683593735	924	2	2
184683593734	1179	2	2
184683593733	1077	2	2
184683593732	1578	2	2
184683593730	2315	2	2
182536110093	223	2	2
182536110092	448	2	2
182536110091	569	2	2
182536110090	810	2	2
182536110089	909	2	2
182536110088	1322	2	2
182536110087	1033	2	2
182536110086	1514	2	2
182536110083	1798	2	2
180388626446	184	2	2
180388626445	393	2	2
180388626444	532	2	2
180388626443	531	2	2
180388626442	894	2	2
180388626441	831	2	2
180388626440	1142	2	2
180388626439	1043	2	2
180388626438	1482	2	2
180388626437	1282	2	2
180388626436	1749	2	2
180388626434	2459	2	2
178241142799	200	2	2
178241142798	426	2	2
178241142797	477	2	2
178241142796	774	2	2
178241142795	808	2	2
178241142794	1244	2	2
178241142793	1062	2	2
178241142792	1517	2	2
178241142791	1395	2	2
176093659151	268	2	2
176093659150	383	2	2
176093659149	366	2	2
176093659148	631	2	2
176093659147	595	2	2
176093659146	765	2	2
176093659145	706	2	2
176093659144	1171	2	2
176093659143	933	2	2
176093659142	1467	2	2
176093659140	1858	2	2
176093659138	2475	2	2
176093659137	2064	2	2
173946175505	184	2	2
173946175504	340	2	2
173946175503	383	2	2
173946175502	659	2	2
173946175501	643	2	2
173946175500	1007	2	2
173946175499	854	2	2
173946175498	1312	2	2
173946175497	1202	2	2
173946175489	2893	2	2
171798691857	212	2	2
171798691856	275	2	2
171798691855	297	2	2
171798691854	591	2	2
171798691853	526	2	2
171798691852	679	2	2
171798691851	608	2	2
171798691850	1063	2	2
171798691849	850	2	2
171798691848	1216	2	2
171798691847	1086	2	2
171798691846	1615	2	2
171798691845	1339	2	2
171798691844	2095	2	2
171798691843	1776	2	2
171798691842	2430	2	2
171798691841	2029	2	2
169651208210	276	2	2
169651208208	488	2	2
169651208207	526	2	2
169651208206	840	2	2
169651208205	706	2	2
169651208204	1041	2	2
169651208203	988	2	2
169651208202	1122	2	2
169651208201	1022	2	2
169651208199	1264	2	2
167503724560	491	2	2
167503724559	473	2	2
167503724558	628	2	2
167503724557	600	2	2
167503724556	984	2	2
167503724555	762	2	2
167503724554	1027	2	2
167503724553	1020	2	2
167503724552	1405	2	2
167503724551	1155	2	2
167503724550	1900	2	2
167503724549	1691	2	2
167503724548	2035	2	2
167503724546	2620	2	2
167503724545	2321	2	2
165356240916	253	2	2
165356240913	429	2	2
165356240912	670	2	2
165356240911	595	2	2
165356240910	899	2	2
165356240909	902	2	2
165356240908	956	2	2
165356240907	936	2	2
165356240906	1196	2	2
165356240905	1155	2	2
165356240903	1561	2	2
165356240901	1618	2	2
165356240899	2120	2	2
163208757266	385	2	2
163208757264	522	2	2
163208757263	503	2	2
163208757262	816	2	2
163208757261	684	2	2
163208757260	832	2	2
163208757259	878	2	2
163208757258	1116	2	2
163208757257	1002	2	2
163208757256	1587	2	2
163208757255	1471	2	2
163208757254	1784	2	2
163208757253	1706	2	2
163208757252	2145	2	2
161061273618	581	2	2
161061273617	498	2	2
161061273616	734	2	2
161061273615	762	2	2
161061273614	836	2	2
161061273613	737	2	2
161061273612	1049	2	2
161061273611	952	2	2
161061273610	1220	2	2
161061273609	1308	2	2
161061273608	1899	2	2
161061273607	1408	2	2
158913789970	308	2	2
158913789969	314	2	2
158913789968	546	2	2
158913789967	444	2	2
158913789966	702	2	2
158913789965	595	2	2
158913789964	892	2	2
158913789963	789	2	2
158913789962	1139	2	2
158913789961	1062	2	2
158913789960	1453	2	2
158913789959	1286	2	2
158913789958	1732	2	2
158913789957	1509	2	2
158913789956	2149	2	2
158913789955	1924	2	2
158913789954	2752	2	2
156766306323	388	2	2
156766306322	589	2	2
156766306321	580	2	2
156766306319	603	2	2
156766306317	737	2	2
156766306316	1005	2	2
156766306315	1062	2	2
156766306314	1567	2	2
156766306313	1185	2	2
156766306311	1530	2	2
156766306309	2114	2	2
154618822676	295	2	2
154618822675	400	2	2
154618822674	520	2	2
154618822673	428	2	2
154618822672	532	2	2
154618822670	703	2	2
154618822669	871	2	2
154618822668	984	2	2
154618822667	1261	2	2
154618822666	1168	2	2
154618822665	1526	2	2
154618822664	1513	2	2
154618822663	1907	2	2
154618822662	2032	2	2
154618822661	2380	2	2
154618822660	2494	2	2
154618822659	2957	2	2
154618822658	2762	2	2
152471339029	294	2	2
152471339028	474	2	2
152471339027	446	2	2
152471339025	499	2	2
152471339024	715	2	2
152471339023	610	2	2
152471339022	826	2	2
152471339021	838	2	2
152471339020	1275	2	2
152471339019	931	2	2
152471339018	1650	2	2
152471339017	1256	2	2
152471339016	2175	2	2
152471339015	1772	2	2
152471339014	2852	2	2
152471339013	2178	2	2
150323855382	172	2	2
150323855381	254	2	2
150323855380	282	2	2
150323855379	260	2	2
150323855378	399	2	2
150323855375	614	2	2
150323855374	601	2	2
150323855373	776	2	2
150323855372	711	2	2
150323855371	926	2	2
150323855370	933	2	2
150323855369	1138	2	2
150323855368	1166	2	2
150323855367	1428	2	2
150323855366	1431	2	2
150323855365	1835	2	2
150323855364	1789	2	2
150323855363	2148	2	2
148176371735	247	2	2
148176371727	687	2	2
148176371726	1047	2	2
148176371725	750	2	2
148176371724	1407	2	2
148176371723	1042	2	2
148176371722	1821	2	2
148176371721	1482	2	2
148176371720	2359	2	2
148176371719	1842	2	2
148176371718	2944	2	2
148176371717	2024	2	2
146028888088	152	2	2
146028888084	350	2	2
146028888081	549	2	2
146028888080	533	2	2
146028888079	674	2	2
146028888078	644	2	2
146028888077	827	2	2
146028888076	814	2	2
146028888075	1027	2	2
146028888074	1036	2	2
146028888073	1312	2	2
146028888072	1329	2	2
146028888071	1710	2	2
146028888070	1725	2	2
146028888069	1963	2	2
146028888068	2923	2	2
146028888067	2530	2	2
143881404440	352	2	2
143881404434	571	2	2
143881404433	582	2	2
143881404432	861	2	2
143881404431	629	2	2
143881404430	1153	2	2
143881404429	869	2	2
143881404428	1516	2	2
143881404427	1214	2	2
143881404426	1942	2	2
143881404425	1575	2	2
143881404424	2442	2	2
143881404423	1744	2	2
143881404422	3001	2	2
141733920798	94	2	2
141733920790	322	2	2
141733920788	370	2	2
141733920787	500	2	2
141733920786	464	2	2
141733920785	586	2	2
141733920784	548	2	2
141733920783	706	2	2
141733920782	697	2	2
141733920781	877	2	2
141733920780	887	2	2
141733920779	1123	2	2
141733920778	1104	2	2
141733920777	1454	2	2
141733920776	1479	2	2
141733920775	1727	2	2
141733920774	2540	2	2
141733920773	2211	2	2
141733920772	2974	2	2
139586437139	496	2	2
139586437138	767	2	2
139586437137	512	2	2
139586437136	975	2	2
139586437135	722	2	2
139586437134	1268	2	2
139586437133	1022	2	2
139586437132	1614	2	2
139586437131	1305	2	2
139586437130	2099	2	2
139586437129	1503	2	2
139586437128	2531	2	2
139586437127	2752	2	2
137438953499	171	2	2
137438953498	194	2	2
137438953496	267	2	2
137438953495	266	2	2
137438953494	325	2	2
137438953492	416	2	2
137438953491	549	2	2
137438953490	483	2	2
137438953489	616	2	2
137438953488	625	2	2
137438953487	765	2	2
137438953486	759	2	2
137438953485	981	2	2
137438953484	971	2	2
137438953483	1249	2	2
137438953482	1322	2	2
137438953481	1537	2	2
137438953480	2256	2	2
137438953479	1934	2	2
137438953478	2439	2	2
137438953477	2456	2	2
135291469853	144	2	2
135291469845	418	2	2
135291469844	646	2	2
135291469843	428	2	2
135291469842	855	2	2
135291469841	612	2	2
135291469840	1097	2	2
135291469839	869	2	2
135291469838	1401	2	2
135291469837	1088	2	2
135291469836	1792	2	2
135291469835	1286	2	2
135291469834	2214	2	2
135291469833	2413	2	2
135291469832	2766	2	2
135291469831	2152	2	2
135291469829	2887	2	2
133143986206	99	2	2
133143986204	160	2	2
133143986203	160	2	2
133143986201	220	2	2
133143986200	289	2	2
133143986199	293	2	2
133143986198	374	2	2
133143986197	382	2	2
133143986196	394	2	2
133143986195	415	2	2
133143986194	513	2	2
133143986193	518	2	2
133143986192	657	2	2
133143986191	659	2	2
133143986190	826	2	2
133143986189	823	2	2
133143986188	1082	2	2
133143986187	985	2	2
133143986186	1403	2	2
133143986185	1187	2	2
133143986184	1601	2	2
133143986183	1482	2	2
133143986182	2115	2	2
133143986181	1758	2	2
133143986180	2517	2	2
133143986179	2107	2	2
133143986178	3030	2	2
130996502555	209	2	2
130996502551	380	2	2
130996502550	598	2	2
130996502549	383	2	2
130996502548	757	2	2
130996502547	539	2	2
130996502546	971	2	2
130996502545	744	2	2
130996502544	1227	2	2
130996502543	939	2	2
130996502542	1592	2	2
130996502541	1092	2	2
130996502540	1917	2	2
130996502539	2159	2	2
130996502538	2454	2	2
130996502537	1993	2	2
130996502536	3060	2	2
130996502535	2659	2	2
128849018912	87	2	2
128849018911	121	2	2
128849018910	117	2	2
128849018909	115	2	2
128849018908	181	2	2
128849018906	216	2	2
128849018904	316	2	2
128849018903	397	2	2
128849018902	358	2	2
128849018901	443	2	2
128849018900	457	2	2
128849018899	538	2	2
128849018898	551	2	2
128849018897	672	2	2
128849018896	680	2	2
128849018895	870	2	2
128849018894	876	2	2
128849018893	1061	2	2
128849018892	1522	2	2
128849018891	1341	2	2
128849018890	1733	2	2
128849018889	1710	2	2
128849018888	2316	2	2
128849018887	2101	2	2
128849018886	2854	2	2
128849018885	2546	2	2
128849018883	2980	2	2
128849018882	2915	2	2
126701535270	49	2	2
126701535267	101	2	2
126701535263	134	2	2
126701535257	282	2	2
126701535256	460	2	2
126701535255	302	2	2
126701535254	601	2	2
126701535253	420	2	2
126701535252	761	2	2
126701535251	577	2	2
126701535250	946	2	2
126701535249	735	2	2
126701535248	1221	2	2
126701535247	810	2	2
126701535246	1516	2	2
126701535245	1672	2	2
126701535244	1939	2	2
126701535243	1635	2	2
126701535242	2473	2	2
126701535241	2141	2	2
126701535240	2944	2	2
126701535239	2616	2	2
124554051623	41	2	2
124554051622	42	2	2
124554051620	88	2	2
124554051619	127	2	2
124554051617	99	2	2
124554051616	94	2	2
124554051611	265	2	2
124554051610	220	2	2
124554051609	310	2	2
124554051608	269	2	2
124554051607	377	2	2
124554051606	355	2	2
124554051605	437	2	2
124554051604	418	2	2
124554051603	532	2	2
124554051602	509	2	2
124554051601	667	2	2
124554051600	663	2	2
124554051599	787	2	2
124554051598	1098	2	2
124554051597	1024	2	2
124554051596	1436	2	2
124554051595	1341	2	2
124554051594	1857	2	2
124554051593	1568	2	2
124554051592	2253	2	2
124554051591	1923	2	2
124554051590	2757	2	2
124554051589	2314	2	2
124554051588	2452	2	2
124554051587	2767	2	2
122406567976	51	2	2
122406567973	100	2	2
122406567971	76	2	2
122406567970	139	2	2
122406567963	245	2	2
122406567962	394	2	2
122406567961	262	2	2
122406567960	524	2	2
122406567959	369	2	2
122406567958	686	2	2
122406567957	509	2	2
122406567956	851	2	2
122406567955	623	2	2
122406567954	1077	2	2
122406567953	714	2	2
122406567952	1283	2	2
122406567951	1388	2	2
122406567950	1671	2	2
122406567949	1384	2	2
122406567948	2119	2	2
122406567947	1801	2	2
122406567946	2531	2	2
122406567945	2232	2	2
122406567944	3007	2	2
122406567943	2714	2	2
122406567941	2172	2	2
120259084330	20	2	2
120259084329	36	2	2
120259084326	82	2	2
120259084325	113	2	2
120259084323	102	2	2
120259084322	100	2	2
120259084321	94	2	2
120259084316	207	2	2
120259084315	311	2	2
120259084314	245	2	2
120259084313	343	2	2
120259084312	341	2	2
120259084311	431	2	2
120259084310	412	2	2
120259084309	520	2	2
120259084308	518	2	2
120259084307	679	2	2
120259084306	653	2	2
120259084305	791	2	2
120259084304	1111	2	2
120259084303	999	2	2
120259084302	1233	2	2
120259084301	1333	2	2
120259084300	1615	2	2
120259084299	1607	2	2
120259084298	2015	2	2
120259084297	1912	2	2
120259084296	2598	2	2
120259084295	2259	2	2
120259084294	2106	2	2
120259084293	2676	2	2
118111600682	51	2	2
118111600679	93	2	2
118111600678	144	2	2
118111600677	70	2	2
118111600675	108	2	2
118111600672	172	2	2
118111600668	332	2	2
118111600667	209	2	2
118111600666	442	2	2
118111600665	293	2	2
118111600664	563	2	2
118111600663	413	2	2
118111600662	723	2	2
118111600661	530	2	2
118111600660	911	2	2
118111600659	586	2	2
118111600658	1071	2	2
118111600657	1105	2	2
118111600656	1398	2	2
118111600655	1137	2	2
118111600654	1795	2	2
118111600653	1535	2	2
118111600652	2160	2	2
118111600651	1911	2	2
118111600650	2591	2	2
118111600649	2389	2	2
118111600648	3000	2	2
118111600647	1904	2	2
115964117035	35	2	2
115964117028	82	2	2
115964117027	67	2	2
115964117022	180	2	2
115964117021	240	2	2
115964117020	185	2	2
115964117019	282	2	2
115964117018	252	2	2
115964117017	364	2	2
115964117016	325	2	2
115964117015	430	2	2
115964117014	422	2	2
115964117013	531	2	2
115964117012	517	2	2
115964117011	621	2	2
115964117010	870	2	2
115964117009	796	2	2
115964117008	1008	2	2
115964117007	1065	2	2
115964117006	1334	2	2
115964117005	1245	2	2
115964117004	1630	2	2
115964117003	1501	2	2
115964117002	1996	2	2
115964117001	1721	2	2
115964117000	1777	2	2
115964116999	2105	2	2
115964116998	3010	2	2
115964116997	2565	2	2
115964116995	3009	2	2
113816633389	21	2	2
113816633388	44	2	2
113816633383	67	2	2
113816633381	92	2	2
113816633380	105	2	2
113816633375	193	2	2
113816633374	298	2	2
113816633373	178	2	2
113816633372	368	2	2
113816633371	245	2	2
113816633370	501	2	2
113816633369	371	2	2
113816633368	637	2	2
113816633367	461	2	2
113816633366	791	2	2
113816633365	500	2	2
113816633364	936	2	2
113816633363	952	2	2
113816633362	1193	2	2
113816633361	942	2	2
113816633360	1516	2	2
113816633359	1291	2	2
113816633358	1825	2	2
113816633357	1592	2	2
113816633356	2232	2	2
113816633355	2035	2	2
113816633354	2576	2	2
113816633353	1658	2	2
113816633352	3005	2	2
113816633351	2910	2	2
111669149741	33	2	2
111669149740	32	2	2
111669149739	42	2	2
111669149738	70	2	2
111669149734	86	2	2
111669149728	199	2	2
111669149727	247	2	2
111669149726	217	2	2
111669149725	284	2	2
111669149724	251	2	2
111669149723	341	2	2
111669149722	330	2	2
111669149721	399	2	2
111669149720	419	2	2
111669149719	511	2	2
111669149718	510	2	2
111669149717	609	2	2
111669149716	841	2	2
111669149715	763	2	2
111669149714	864	2	2
111669149713	986	2	2
111669149712	1101	2	2
111669149711	1158	2	2
111669149710	1349	2	2
111669149709	1377	2	2
111669149708	1775	2	2
111669149707	1641	2	2
111669149706	1472	2	2
111669149705	1957	2	2
111669149704	2656	2	2
111669149703	2454	2	2
111669149702	2927	2	2
111669149701	2838	2	2
109521666094	36	2	2
109521666093	25	2	2
109521666091	71	2	2
109521666087	91	2	2
109521666081	175	2	2
109521666080	258	2	2
109521666079	172	2	2
109521666078	335	2	2
109521666077	250	2	2
109521666076	434	2	2
109521666075	341	2	2
109521666074	558	2	2
109521666073	435	2	2
109521666072	727	2	2
109521666071	453	2	2
109521666070	812	2	2
109521666069	843	2	2
109521666068	1061	2	2
109521666067	846	2	2
109521666066	1313	2	2
109521666065	1115	2	2
109521666064	1581	2	2
109521666063	1376	2	2
109521666062	1912	2	2
109521666061	1732	2	2
109521666060	2237	2	2
109521666059	1443	2	2
109521666058	2646	2	2
109521666057	2527	2	2
109521666055	2689	2	2
107374182447	26	2	2
107374182443	73	2	2
107374182441	87	2	2
107374182440	98	2	2
107374182439	69	2	2
107374182434	169	2	2
107374182433	210	2	2
107374182432	172	2	2
107374182431	246	2	2
107374182430	213	2	2
107374182429	302	2	2
107374182428	273	2	2
107374182427	381	2	2
107374182426	383	2	2
107374182425	472	2	2
107374182424	445	2	2
107374182423	544	2	2
107374182422	754	2	2
107374182421	701	2	2
107374182420	744	2	2
107374182419	876	2	2
107374182418	937	2	2
107374182417	1005	2	2
107374182416	1139	2	2
107374182415	1224	2	2
107374182414	1461	2	2
107374182413	1447	2	2
107374182412	1198	2	2
107374182411	1677	2	2
107374182410	2147	2	2
107374182409	2079	2	2
107374182408	2351	2	2
107374182407	2435	2	2
107374182405	2887	2	2
105226698786	229	2	2
105226698785	132	2	2
105226698784	278	2	2
105226698783	207	2	2
105226698782	359	2	2
105226698781	270	2	2
105226698780	475	2	2
105226698779	351	2	2
105226698778	599	2	2
105226698777	363	2	2
105226698776	712	2	2
105226698775	699	2	2
105226698774	858	2	2
105226698773	683	2	2
105226698772	1106	2	2
105226698771	940	2	2
105226698770	1322	2	2
105226698769	1087	2	2
105226698768	1567	2	2
105226698767	1354	2	2
105226698766	1887	2	2
105226698765	1145	2	2
105226698764	2193	2	2
105226698763	2049	2	2
105226698762	2744	2	2
105226698761	2194	2	2
105226698759	2832	2	2
105226698757	2965	2	2
103079215149	71	2	2
103079215148	52	2	2
103079215146	79	2	2
103079215145	54	2	2
103079215144	81	2	2
103079215140	128	2	2
103079215139	174	2	2
103079215138	155	2	2
103079215137	208	2	2
103079215136	180	2	2
103079215135	229	2	2
103079215134	231	2	2
103079215133	303	2	2
103079215132	321	2	2
103079215131	378	2	2
103079215130	383	2	2
103079215129	450	2	2
103079215128	652	2	2
103079215127	533	2	2
103079215126	668	2	2
103079215125	694	2	2
103079215124	839	2	2
103079215123	838	2	2
103079215122	997	2	2
103079215121	1001	2	2
103079215120	1211	2	2
103079215119	1159	2	2
103079215118	970	2	2
103079215117	1369	2	2
103079215116	1792	2	2
103079215115	1662	2	2
103079215114	1974	2	2
103079215113	1954	2	2
103079215112	2661	2	2
103079215111	2332	2	2
103079215110	2884	2	2
103079215109	2708	2	2
103079215107	3039	2	2
100931731506	27	2	2
100931731502	71	2	2
100931731493	112	2	2
100931731492	168	2	2
100931731491	109	2	2
100931731490	221	2	2
100931731489	140	2	2
100931731488	304	2	2
100931731487	222	2	2
100931731486	404	2	2
100931731485	290	2	2
100931731484	484	2	2
100931731483	304	2	2
100931731482	576	2	2
100931731481	603	2	2
100931731480	752	2	2
100931731479	560	2	2
100931731478	907	2	2
100931731477	782	2	2
100931731476	1088	2	2
100931731475	945	2	2
100931731474	1318	2	2
100931731473	1102	2	2
100931731472	1547	2	2
100931731471	925	2	2
100931731470	1836	2	2
100931731469	1674	2	2
100931731468	2288	2	2
100931731467	1783	2	2
100931731466	2604	2	2
100931731465	2406	2	2
100931731463	2596	2	2
98784247859	22	2	2
98784247854	58	2	2
98784247852	56	2	2
98784247850	71	2	2
98784247849	66	2	2
98784247848	93	2	2
98784247847	116	2	2
98784247846	144	2	2
98784247845	159	2	2
98784247844	136	2	2
98784247843	159	2	2
98784247842	171	2	2
98784247841	219	2	2
98784247840	203	2	2
98784247839	272	2	2
98784247838	299	2	2
98784247837	345	2	2
98784247836	309	2	2
98784247835	395	2	2
98784247834	570	2	2
98784247833	467	2	2
98784247832	545	2	2
98784247831	586	2	2
98784247830	675	2	2
98784247829	717	2	2
98784247828	798	2	2
98784247827	860	2	2
98784247826	986	2	2
98784247825	997	2	2
98784247824	778	2	2
98784247823	1157	2	2
98784247822	1419	2	2
98784247821	1455	2	2
98784247820	1477	2	2
98784247819	1689	2	2
98784247818	1998	2	2
98784247817	1990	2	2
98784247816	2251	2	2
98784247815	2298	2	2
98784247814	3002	2	2
98784247813	2623	2	2
98784247811	2912	2	2
96636764212	20	2	2
96636764207	57	2	2
96636764199	105	2	2
96636764198	153	2	2
96636764197	85	2	2
96636764196	173	2	2
96636764195	129	2	2
96636764194	266	2	2
96636764193	184	2	2
96636764192	313	2	2
96636764191	258	2	2
96636764190	389	2	2
96636764189	252	2	2
96636764188	471	2	2
96636764187	479	2	2
96636764186	601	2	2
96636764185	463	2	2
96636764184	713	2	2
96636764183	645	2	2
96636764182	857	2	2
96636764181	756	2	2
96636764180	1095	2	2
96636764179	894	2	2
96636764178	1278	2	2
96636764177	737	2	2
96636764176	1509	2	2
96636764175	1374	2	2
96636764174	1912	2	2
96636764173	1408	2	2
96636764172	2114	2	2
96636764171	1914	2	2
96636764170	2500	2	2
96636764169	2048	2	2
96636764168	2823	2	2
96636764167	2672	2	2
94489280560	65	2	2
94489280558	61	2	2
94489280556	67	2	2
94489280554	80	2	2
94489280553	99	2	2
94489280552	126	2	2
94489280551	143	2	2
94489280550	118	2	2
94489280549	144	2	2
94489280548	161	2	2
94489280547	224	2	2
94489280546	186	2	2
94489280545	250	2	2
94489280544	256	2	2
94489280543	299	2	2
94489280541	340	2	2
94489280538	468	2	2
94489280537	567	2	2
94489280536	603	2	2
94489280535	651	2	2
94489280534	682	2	2
94489280533	785	2	2
94489280532	846	2	2
94489280531	885	2	2
94489280530	691	2	2
94489280529	1084	2	2
94489280528	1229	2	2
94489280527	1315	2	2
94489280526	1311	2	2
94489280525	1529	2	2
94489280524	1711	2	2
94489280523	1813	2	2
94489280522	1922	2	2
94489280521	2025	2	2
94489280520	2550	2	2
94489280519	2374	2	2
94489280517	2633	2	2
92341796913	46	2	2
92341796909	57	2	2
92341796907	70	2	2
92341796906	101	2	2
92341796905	109	2	2
92341796904	152	2	2
92341796903	78	2	2
92341796902	158	2	2
92341796901	134	2	2
92341796900	242	2	2
92341796899	159	2	2
92341796898	283	2	2
92341796897	197	2	2
92341796896	357	2	2
92341796895	203	2	2
92341796894	446	2	2
92341796893	444	2	2
92341796892	528	2	2
92341796891	432	2	2
92341796890	644	2	2
92341796889	547	2	2
92341796888	780	2	2
92341796887	638	2	2
92341796886	934	2	2
92341796885	793	2	2
92341796884	1100	2	2
92341796883	732	2	2
92341796882	1343	2	2
92341796881	1224	2	2
92341796880	1669	2	2
92341796879	1264	2	2
92341796878	1919	2	2
92341796877	1656	2	2
92341796876	2211	2	2
92341796875	1767	2	2
92341796874	2454	2	2
92341796873	2312	2	2
92341796872	2854	2	2
92341796871	2711	2	2
90194313269	22	2	2
90194313268	33	2	2
90194313266	45	2	2
90194313263	37	2	2
90194313262	71	2	2
90194313261	49	2	2
90194313260	91	2	2
90194313259	94	2	2
90194313258	111	2	2
90194313257	109	2	2
90194313256	108	2	2
90194313255	119	2	2
90194313254	132	2	2
90194313253	170	2	2
90194313252	150	2	2
90194313251	202	2	2
90194313250	187	2	2
90194313249	217	2	2
90194313248	225	2	2
90194313247	244	2	2
90194313246	362	2	2
90194313245	299	2	2
90194313244	406	2	2
90194313243	377	2	2
90194313242	487	2	2
90194313241	436	2	2
90194313238	629	2	2
90194313237	584	2	2
90194313236	551	2	2
90194313235	700	2	2
90194313234	961	2	2
90194313233	825	2	2
90194313232	1156	2	2
90194313231	1001	2	2
90194313230	1323	2	2
90194313229	1201	2	2
90194313228	1543	2	2
90194313227	1343	2	2
90194313226	1924	2	2
90194313225	1558	2	2
90194313224	2233	2	2
90194313223	1773	2	2
90194313222	2978	2	2
90194313221	2268	2	2
90194313219	2656	2	2
88046829619	47	2	2
88046829618	60	2	2
88046829617	42	2	2
88046829615	60	2	2
88046829614	61	2	2
88046829613	74	2	2
88046829612	83	2	2
88046829611	103	2	2
88046829610	122	2	2
88046829609	74	2	2
88046829608	148	2	2
88046829607	110	2	2
88046829606	217	2	2
88046829605	135	2	2
88046829604	259	2	2
88046829603	149	2	2
88046829602	293	2	2
88046829601	168	2	2
88046829599	359	2	2
88046829597	362	2	2
88046829596	524	2	2
88046829595	465	2	2
88046829593	557	2	2
88046829591	644	2	2
88046829589	536	2	2
88046829587	956	2	2
88046829586	1291	2	2
88046829585	1002	2	2
88046829584	1529	2	2
88046829583	1324	2	2
88046829582	1802	2	2
88046829581	1366	2	2
88046829580	2004	2	2
88046829579	1803	2	2
88046829578	2326	2	2
88046829577	2173	2	2
88046829576	2586	2	2
88046829575	2690	2	2
85899345973	32	2	2
85899345970	38	2	2
85899345967	41	2	2
85899345966	80	2	2
85899345965	55	2	2
85899345964	99	2	2
85899345963	66	2	2
85899345960	129	2	2
85899345959	136	2	2
85899345958	160	2	2
85899345957	158	2	2
85899345956	170	2	2
85899345955	172	2	2
85899345954	182	2	2
85899345953	196	2	2
85899345952	246	2	2
85899345951	210	2	2
85899345950	262	2	2
85899345949	278	2	2
85899345948	306	2	2
85899345941	479	2	2
85899345940	605	2	2
85899345939	559	2	2
85899345936	854	2	2
85899345935	766	2	2
85899345934	911	2	2
85899345933	898	2	2
85899345932	1167	2	2
85899345931	1051	2	2
85899345930	1452	2	2
85899345929	1214	2	2
85899345928	1876	2	2
85899345927	1530	2	2
85899345926	2316	2	2
85899345925	1798	2	2
85899345924	2613	2	2
85899345923	2184	2	2
85899345922	2863	2	2
85899345921	2562	2	2
83751862323	36	2	2
83751862320	57	2	2
83751862319	77	2	2
83751862318	75	2	2
83751862317	79	2	2
83751862316	100	2	2
83751862313	109	2	2
83751862312	198	2	2
83751862311	130	2	2
83751862310	220	2	2
83751862309	142	2	2
83751862308	259	2	2
83751862307	138	2	2
83751862306	292	2	2
83751862305	300	2	2
83751862304	366	2	2
83751862303	296	2	2
83751862301	394	2	2
83751862299	437	2	2
83751862298	620	2	2
83751862297	498	2	2
83751862295	430	2	2
83751862291	818	2	2
83751862290	1181	2	2
83751862289	1029	2	2
83751862288	1401	2	2
83751862287	1096	2	2
83751862286	1567	2	2
83751862285	1363	2	2
83751862284	1826	2	2
83751862283	1726	2	2
83751862282	2115	2	2
83751862281	2200	2	2
83751862280	2672	2	2
83751862279	2782	2	2
81604378679	28	2	2
81604378678	36	2	2
81604378677	22	2	2
81604378675	23	2	2
81604378674	57	2	2
81604378673	39	2	2
81604378670	84	2	2
81604378669	52	2	2
81604378668	69	2	2
81604378666	107	2	2
81604378665	105	2	2
81604378664	135	2	2
81604378663	153	2	2
81604378662	162	2	2
81604378661	156	2	2
81604378660	168	2	2
81604378659	162	2	2
81604378658	222	2	2
81604378657	183	2	2
81604378656	198	2	2
81604378655	226	2	2
81604378654	230	2	2
81604378653	242	2	2
81604378650	321	2	2
81604378639	720	2	2
81604378638	901	2	2
81604378637	890	2	2
81604378636	1109	2	2
81604378635	988	2	2
81604378634	1425	2	2
81604378633	1261	2	2
81604378632	1951	2	2
81604378631	1537	2	2
81604378630	2338	2	2
81604378629	1883	2	2
81604378628	2308	2	2
81604378627	2235	2	2
81604378625	2632	2	2
79456895033	34	2	2
79456895032	42	2	2
79456895029	37	2	2
79456895027	58	2	2
79456895026	55	2	2
79456895025	82	2	2
79456895024	66	2	2
79456895023	81	2	2
79456895022	81	2	2
79456895021	57	2	2
79456895020	105	2	2
79456895019	92	2	2
79456895018	162	2	2
79456895017	129	2	2
79456895016	218	2	2
79456895015	152	2	2
79456895014	244	2	2
79456895013	145	2	2
79456895012	263	2	2
79456895011	267	2	2
79456895010	313	2	2
79456895009	239	2	2
79456895008	345	2	2
79456895006	396	2	2
79456895005	356	2	2
79456895003	411	2	2
79456894994	1103	2	2
79456894993	846	2	2
79456894992	1247	2	2
79456894991	1097	2	2
79456894990	1454	2	2
79456894989	1365	2	2
79456894988	1645	2	2
79456894987	1731	2	2
79456894986	2196	2	2
79456894985	2263	2	2
79456894984	2682	2	2
79456894983	2825	2	2
79456894981	2644	2	2
79456894979	2634	2	2
77309411386	26	2	2
77309411383	20	2	2
77309411382	42	2	2
77309411381	22	2	2
77309411379	38	2	2
77309411377	30	2	2
77309411376	68	2	2
77309411375	44	2	2
77309411374	65	2	2
77309411372	95	2	2
77309411371	77	2	2
77309411370	132	2	2
77309411369	121	2	2
77309411368	158	2	2
77309411367	146	2	2
77309411366	151	2	2
77309411365	161	2	2
77309411364	200	2	2
77309411363	168	2	2
77309411362	161	2	2
77309411361	186	2	2
77309411360	205	2	2
77309411359	198	2	2
77309411357	221	2	2
77309411356	279	2	2
77309411355	256	2	2
77309411345	593	2	2
77309411344	736	2	2
77309411343	732	2	2
77309411342	930	2	2
77309411341	833	2	2
77309411340	1212	2	2
77309411339	1058	2	2
77309411338	1553	2	2
77309411337	1275	2	2
77309411336	1889	2	2
77309411335	1564	2	2
77309411334	1933	2	2
77309411333	1830	2	2
77309411332	2558	2	2
77309411331	2199	2	2
77309411329	2677	2	2
75161927737	31	2	2
75161927736	45	2	2
75161927735	38	2	2
75161927733	47	2	2
75161927732	42	2	2
75161927730	51	2	2
75161927729	75	2	2
75161927728	61	2	2
75161927727	57	2	2
75161927725	84	2	2
75161927724	135	2	2
75161927723	122	2	2
75161927722	204	2	2
75161927721	148	2	2
75161927720	229	2	2
75161927719	139	2	2
75161927718	272	2	2
75161927717	255	2	2
75161927716	297	2	2
75161927715	210	2	2
75161927714	332	2	2
75161927713	270	2	2
75161927712	364	2	2
75161927711	306	2	2
75161927710	411	2	2
75161927709	359	2	2
75161927707	316	2	2
75161927706	584	2	2
75161927699	729	2	2
75161927698	1044	2	2
75161927697	907	2	2
75161927696	1230	2	2
75161927695	1170	2	2
75161927694	1374	2	2
75161927693	1442	2	2
75161927692	1761	2	2
75161927691	1858	2	2
75161927690	2165	2	2
75161927689	2354	2	2
75161927688	2671	2	2
75161927687	2271	2	2
75161927685	2254	2	2
75161927683	2844	2	2
73014444092	30	2	2
73014444091	31	2	2
73014444089	22	2	2
73014444088	22	2	2
73014444086	47	2	2
73014444085	36	2	2
73014444083	31	2	2
73014444081	42	2	2
73014444080	44	2	2
73014444076	104	2	2
73014444075	74	2	2
73014444074	123	2	2
73014444073	111	2	2
73014444072	119	2	2
73014444071	139	2	2
73014444070	168	2	2
73014444069	148	2	2
73014444068	119	2	2
73014444067	166	2	2
73014444066	155	2	2
73014444065	169	2	2
73014444063	200	2	2
73014444061	216	2	2
73014444059	261	2	2
73014444053	465	2	2
73014444051	525	2	2
73014444050	601	2	2
73014444049	634	2	2
73014444048	704	2	2
73014444047	695	2	2
73014444046	917	2	2
73014444045	915	2	2
73014444044	1241	2	2
73014444043	1095	2	2
73014444042	1511	2	2
73014444041	1309	2	2
73014444040	1386	2	2
73014444039	1513	2	2
73014444038	1938	2	2
73014444037	1777	2	2
73014444036	2668	2	2
73014444035	2211	2	2
73014444033	2678	2	2
70866960446	26	2	2
70866960444	45	2	2
70866960443	22	2	2
70866960442	34	2	2
70866960441	31	2	2
70866960440	26	2	2
70866960439	36	2	2
70866960438	33	2	2
70866960437	37	2	2
70866960435	42	2	2
70866960434	60	2	2
70866960433	50	2	2
70866960429	92	2	2
70866960428	133	2	2
70866960427	126	2	2
70866960426	165	2	2
70866960425	114	2	2
70866960424	208	2	2
70866960423	207	2	2
70866960422	233	2	2
70866960421	158	2	2
70866960420	262	2	2
70866960419	212	2	2
70866960418	300	2	2
70866960417	219	2	2
70866960416	333	2	2
70866960415	288	2	2
70866960413	238	2	2
70866960412	436	2	2
70866960411	409	2	2
70866960404	826	2	2
70866960403	745	2	2
70866960401	861	2	2
70866960400	1089	2	2
70866960399	1096	2	2
70866960398	1445	2	2
70866960397	1468	2	2
70866960396	1711	2	2
70866960395	1798	2	2
70866960394	2012	2	2
70866960393	1692	2	2
70866960392	2450	2	2
70866960391	1789	2	2
70866960390	2835	2	2
70866960389	2352	2	2
70866960387	2728	2	2
68719476800	17	2	2
68719476798	25	2	2
68719476797	25	2	2
68719476796	21	2	2
68719476795	19	2	2
68719476794	17	2	2
68719476793	20	2	2
68719476792	39	2	2
68719476791	22	2	2
68719476788	28	2	2
68719476783	45	2	2
68719476781	44	2	2
68719476780	61	2	2
68719476779	56	2	2
68719476778	77	2	2
68719476777	70	2	2
68719476776	86	2	2
68719476775	81	2	2
68719476774	83	2	2
68719476773	96	2	2
68719476772	117	2	2
68719476771	106	2	2
68719476770	125	2	2
68719476769	135	2	2
68719476768	167	2	2
68719476767	158	2	2
68719476765	196	2	2
68719476764	241	2	2
68719476754	590	2	2
68719476752	721	2	2
68719476750	1031	2	2
68719476749	756	2	2
68719476748	1218	2	2
68719476747	955	2	2
68719476746	1194	2	2
68719476745	1138	2	2
68719476744	1640	2	2
68719476743	1323	2	2
68719476742	2129	2	2
68719476741	1631	2	2
68719476740	2594	2	2
68719476739	1997	2	2
68719476737	2423	2	2
66571993150	38	2	2
66571993149	21	2	2
66571993148	26	2	2
66571993146	16	2	2
66571993145	26	2	2
66571993144	23	2	2
66571993143	19	2	2
66571993142	36	2	2
66571993141	23	2	2
66571993140	39	2	2
66571993138	46	2	2
66571993137	32	2	2
66571993135	44	2	2
66571993133	57	2	2
66571993132	90	2	2
66571993131	67	2	2
66571993130	116	2	2
66571993129	129	2	2
66571993127	123	2	2
66571993126	174	2	2
66571993125	159	2	2
66571993124	204	2	2
66571993122	240	2	2
66571993121	221	2	2
66571993120	289	2	2
66571993117	322	2	2
66571993115	362	2	2
66571993113	446	2	2
66571993111	483	2	2
66571993108	738	2	2
66571993107	686	2	2
66571993105	823	2	2
66571993104	1091	2	2
66571993103	1085	2	2
66571993102	1311	2	2
66571993101	1337	2	2
66571993100	1580	2	2
66571993099	1248	2	2
66571993098	1864	2	2
66571993097	1489	2	2
66571993096	2206	2	2
66571993095	1932	2	2
66571993094	2660	2	2
66571993093	2257	2	2
66571993091	2927	2	2
64424509504	26	2	2
64424509503	29	2	2
64424509502	28	2	2
64424509499	22	2	2
64424509498	35	2	2
64424509496	37	2	2
64424509494	47	2	2
64424509493	25	2	2
64424509491	27	2	2
64424509490	59	2	2
64424509489	58	2	2
64424509488	81	2	2
64424509487	82	2	2
64424509486	84	2	2
64424509485	87	2	2
64424509484	77	2	2
64424509483	87	2	2
64424509482	109	2	2
64424509481	97	2	2
64424509479	114	2	2
64424509478	115	2	2
64424509477	110	2	2
64424509476	109	2	2
64424509475	119	2	2
64424509474	152	2	2
64424509473	136	2	2
64424509472	170	2	2
64424509471	178	2	2
64424509470	236	2	2
64424509468	248	2	2
64424509466	321	2	2
64424509465	284	2	2
64424509464	351	2	2
64424509462	448	2	2
64424509461	412	2	2
64424509460	511	2	2
64424509456	813	2	2
64424509454	975	2	2
64424509453	827	2	2
64424509452	994	2	2
64424509451	962	2	2
64424509450	1377	2	2
64424509449	1186	2	2
64424509448	1871	2	2
64424509447	1409	2	2
64424509446	2281	2	2
64424509445	1778	2	2
64424509444	2643	2	2
64424509443	2062	2	2
64424509441	2567	2	2
62277025857	18	2	2
62277025856	30	2	2
62277025855	18	2	2
62277025851	20	2	2
62277025850	23	2	2
62277025848	15	2	2
62277025845	22	2	2
62277025844	24	2	2
62277025843	39	2	2
62277025841	68	2	2
62277025840	62	2	2
62277025839	69	2	2
62277025838	82	2	2
62277025837	73	2	2
62277025836	91	2	2
62277025835	102	2	2
62277025834	109	2	2
62277025833	81	2	2
62277025832	119	2	2
62277025831	95	2	2
62277025830	125	2	2
62277025829	104	2	2
62277025828	144	2	2
62277025827	129	2	2
62277025819	278	2	2
62277025813	444	2	2
62277025808	848	2	2
62277025807	843	2	2
62277025806	963	2	2
62277025805	749	2	2
62277025804	1162	2	2
62277025803	1161	2	2
62277025802	1368	2	2
62277025801	1542	2	2
62277025800	1610	2	2
62277025799	1915	2	2
62277025798	1989	2	2
62277025797	2434	2	2
62277025796	2424	2	2
62277025795	2573	2	2
60129542210	32	2	2
60129542209	28	2	2
60129542208	23	2	2
60129542206	26	2	2
60129542204	45	2	2
60129542203	17	2	2
60129542202	41	2	2
60129542201	22	2	2
60129542200	43	2	2
60129542199	30	2	2
60129542196	59	2	2
60129542195	56	2	2
60129542194	72	2	2
60129542193	66	2	2
60129542192	102	2	2
60129542191	85	2	2
60129542190	98	2	2
60129542189	107	2	2
60129542188	135	2	2
60129542187	121	2	2
60129542186	88	2	2
60129542185	109	2	2
60129542184	96	2	2
60129542183	108	2	2
60129542182	98	2	2
60129542181	112	2	2
60129542180	116	2	2
60129542179	126	2	2
60129542177	160	2	2
60129542173	187	2	2
60129542172	265	2	2
60129542164	518	2	2
60129542160	815	2	2
60129542158	841	2	2
60129542157	890	2	2
60129542156	1145	2	2
60129542155	1097	2	2
60129542154	1572	2	2
60129542153	1278	2	2
60129542152	1905	2	2
60129542151	1611	2	2
60129542150	2341	2	2
60129542149	1843	2	2
60129542148	2584	2	2
60129542147	2172	2	2
60129542145	2635	2	2
57982058564	19	2	2
57982058563	25	2	2
57982058562	39	2	2
57982058556	29	2	2
57982058554	29	2	2
57982058553	25	2	2
57982058552	36	2	2
57982058551	32	2	2
57982058550	45	2	2
57982058549	34	2	2
57982058547	51	2	2
57982058546	75	2	2
57982058545	79	2	2
57982058544	101	2	2
57982058543	72	2	2
57982058542	122	2	2
57982058541	142	2	2
57982058540	149	2	2
57982058539	102	2	2
57982058538	156	2	2
57982058537	129	2	2
57982058536	164	2	2
57982058535	134	2	2
57982058534	170	2	2
57982058533	158	2	2
57982058530	246	2	2
57982058527	260	2	2
57982058522	467	2	2
57982058521	438	2	2
57982058515	843	2	2
57982058511	904	2	2
57982058510	1358	2	2
57982058509	1066	2	2
57982058508	1538	2	2
57982058507	1414	2	2
57982058506	1833	2	2
57982058505	1727	2	2
57982058504	2237	2	2
57982058503	2214	2	2
57982058502	2743	2	2
57982058501	2349	2	2
57982058499	2632	2	2
55834574916	23	2	2
55834574915	28	2	2
55834574912	25	2	2
55834574909	17	2	2
55834574908	32	2	2
55834574906	32	2	2
55834574904	41	2	2
55834574902	42	2	2
55834574901	44	2	2
55834574900	69	2	2
55834574899	58	2	2
55834574898	80	2	2
55834574897	72	2	2
55834574896	95	2	2
55834574895	89	2	2
55834574894	137	2	2
55834574893	103	2	2
55834574892	96	2	2
55834574891	113	2	2
55834574890	121	2	2
55834574889	111	2	2
55834574888	119	2	2
55834574887	123	2	2
55834574886	139	2	2
55834574885	117	2	2
55834574884	121	2	2
55834574883	127	2	2
55834574882	170	2	2
55834574881	144	2	2
55834574880	171	2	2
55834574878	219	2	2
55834574870	449	2	2
55834574865	621	2	2
55834574864	619	2	2
55834574862	855	2	2
55834574861	837	2	2
55834574860	1198	2	2
55834574859	1020	2	2
55834574858	1500	2	2
55834574857	1318	2	2
55834574856	1876	2	2
55834574855	1544	2	2
55834574854	1928	2	2
55834574853	1692	2	2
55834574852	2432	2	2
55834574851	2117	2	2
55834574850	2977	2	2
55834574849	2377	2	2
53687091270	18	2	2
53687091269	26	2	2
53687091268	35	2	2
53687091266	25	2	2
53687091263	18	2	2
53687091262	18	2	2
53687091260	19	2	2
53687091258	29	2	2
53687091257	26	2	2
53687091256	33	2	2
53687091253	43	2	2
53687091252	56	2	2
53687091251	57	2	2
53687091250	82	2	2
53687091249	72	2	2
53687091248	99	2	2
53687091247	136	2	2
53687091246	137	2	2
53687091245	115	2	2
53687091244	162	2	2
53687091243	153	2	2
53687091242	168	2	2
53687091241	134	2	2
53687091240	192	2	2
53687091239	162	2	2
53687091238	177	2	2
53687091237	120	2	2
53687091236	216	2	2
53687091235	202	2	2
53687091230	332	2	2
53687091224	511	2	2
53687091222	646	2	2
53687091221	696	2	2
53687091218	962	2	2
53687091217	760	2	2
53687091216	1085	2	2
53687091215	853	2	2
53687091214	1280	2	2
53687091213	1156	2	2
53687091212	1483	2	2
53687091211	1408	2	2
53687091210	1797	2	2
53687091209	1804	2	2
53687091208	2172	2	2
53687091207	1898	2	2
53687091206	2725	2	2
53687091205	2175	2	2
53687091204	2632	2	2
53687091203	2506	2	2
51539607622	26	2	2
51539607621	21	2	2
51539607620	17	2	2
51539607616	23	2	2
51539607613	21	2	2
51539607612	24	2	2
51539607606	49	2	2
51539607604	55	2	2
51539607603	54	2	2
51539607602	99	2	2
51539607601	67	2	2
51539607600	130	2	2
51539607599	84	2	2
51539607598	99	2	2
51539607597	77	2	2
51539607596	110	2	2
51539607595	97	2	2
51539607594	97	2	2
51539607593	94	2	2
51539607592	123	2	2
51539607591	95	2	2
51539607590	110	2	2
51539607589	109	2	2
51539607588	123	2	2
51539607587	97	2	2
51539607586	122	2	2
51539607585	107	2	2
51539607584	143	2	2
51539607583	129	2	2
51539607582	158	2	2
51539607581	157	2	2
51539607580	201	2	2
51539607579	181	2	2
51539607578	214	2	2
51539607577	204	2	2
51539607576	288	2	2
51539607575	269	2	2
51539607574	391	2	2
51539607573	334	2	2
51539607572	453	2	2
51539607571	405	2	2
51539607570	456	2	2
51539607569	484	2	2
51539607568	652	2	2
51539607567	564	2	2
51539607566	857	2	2
51539607565	663	2	2
51539607564	1042	2	2
51539607563	844	2	2
51539607562	1235	2	2
51539607561	1013	2	2
51539607560	1433	2	2
51539607559	1169	2	2
51539607558	1704	2	2
51539607557	1523	2	2
51539607556	2053	2	2
51539607555	1816	2	2
51539607554	2390	2	2
51539607553	2239	2	2
49392123978	16	2	2
49392123976	15	2	2
49392123975	21	2	2
49392123974	26	2	2
49392123973	15	2	2
49392123972	23	2	2
49392123971	15	2	2
49392123969	19	2	2
49392123968	18	2	2
49392123967	16	2	2
49392123962	18	2	2
49392123960	29	2	2
49392123959	35	2	2
49392123956	33	2	2
49392123955	69	2	2
49392123954	47	2	2
49392123953	94	2	2
49392123952	67	2	2
49392123951	94	2	2
49392123950	75	2	2
49392123949	114	2	2
49392123948	101	2	2
49392123947	98	2	2
49392123946	105	2	2
49392123945	109	2	2
49392123944	113	2	2
49392123943	98	2	2
49392123942	132	2	2
49392123941	109	2	2
49392123940	120	2	2
49392123939	105	2	2
49392123938	130	2	2
49392123937	126	2	2
49392123936	149	2	2
49392123935	137	2	2
49392123934	169	2	2
49392123933	177	2	2
49392123932	212	2	2
49392123931	197	2	2
49392123930	233	2	2
49392123929	266	2	2
49392123928	298	2	2
49392123927	341	2	2
49392123926	370	2	2
49392123925	409	2	2
49392123924	477	2	2
49392123923	397	2	2
49392123922	565	2	2
49392123921	591	2	2
49392123920	643	2	2
49392123919	734	2	2
49392123918	705	2	2
49392123917	889	2	2
49392123916	872	2	2
49392123915	1139	2	2
49392123914	1052	2	2
49392123913	1246	2	2
49392123912	1330	2	2
49392123911	1443	2	2
49392123910	1830	2	2
49392123909	1812	2	2
49392123908	2046	2	2
49392123907	2081	2	2
49392123906	2702	2	2
47244640328	23	2	2
47244640327	23	2	2
47244640325	17	2	2
47244640324	19	2	2
47244640321	18	2	2
47244640318	17	2	2
47244640317	19	2	2
47244640316	20	2	2
47244640315	18	2	2
47244640312	26	2	2
47244640311	24	2	2
47244640310	39	2	2
47244640309	41	2	2
47244640308	56	2	2
47244640307	50	2	2
47244640306	105	2	2
47244640305	52	2	2
47244640304	100	2	2
47244640303	56	2	2
47244640302	128	2	2
47244640301	77	2	2
47244640300	111	2	2
47244640299	88	2	2
47244640298	137	2	2
47244640297	101	2	2
47244640296	115	2	2
47244640295	134	2	2
47244640294	117	2	2
47244640293	110	2	2
47244640292	101	2	2
47244640291	102	2	2
47244640290	98	2	2
47244640289	90	2	2
47244640288	97	2	2
47244640286	132	2	2
47244640285	123	2	2
47244640282	201	2	2
47244640281	179	2	2
47244640280	253	2	2
47244640279	230	2	2
47244640278	325	2	2
47244640277	293	2	2
47244640276	325	2	2
47244640275	348	2	2
47244640274	482	2	2
47244640273	407	2	2
47244640272	589	2	2
47244640271	484	2	2
47244640270	742	2	2
47244640269	619	2	2
47244640268	907	2	2
47244640267	747	2	2
47244640266	1029	2	2
47244640265	884	2	2
47244640264	1229	2	2
47244640263	1130	2	2
47244640262	1556	2	2
47244640261	1376	2	2
47244640260	1847	2	2
47244640259	1621	2	2
47244640258	2347	2	2
47244640257	1991	2	2
45097156680	18	2	2
45097156676	15	2	2
45097156670	17	2	2
45097156668	23	2	2
45097156666	23	2	2
45097156665	24	2	2
45097156664	21	2	2
45097156663	30	2	2
45097156661	52	2	2
45097156660	35	2	2
45097156659	95	2	2
45097156658	51	2	2
45097156657	114	2	2
45097156656	59	2	2
45097156655	129	2	2
45097156654	91	2	2
45097156653	122	2	2
45097156652	97	2	2
45097156651	130	2	2
45097156650	112	2	2
45097156649	118	2	2
45097156648	135	2	2
45097156647	111	2	2
45097156646	132	2	2
45097156645	85	2	2
45097156644	109	2	2
45097156643	85	2	2
45097156642	94	2	2
45097156641	98	2	2
45097156640	103	2	2
45097156639	131	2	2
45097156637	142	2	2
45097156635	188	2	2
45097156634	204	2	2
45097156633	261	2	2
45097156632	263	2	2
45097156630	314	2	2
45097156629	312	2	2
45097156628	385	2	2
45097156627	469	2	2
45097156626	431	2	2
45097156625	561	2	2
45097156624	484	2	2
45097156623	696	2	2
45097156622	627	2	2
45097156621	841	2	2
45097156620	779	2	2
45097156619	988	2	2
45097156618	1009	2	2
45097156617	1159	2	2
45097156616	1362	2	2
45097156615	1368	2	2
45097156614	1523	2	2
45097156613	1629	2	2
45097156612	1999	2	2
45097156611	2212	2	2
45097156610	2510	2	2
42949673033	23	2	2
42949673023	15	2	2
42949673022	23	2	2
42949673020	18	2	2
42949673018	24	2	2
42949673017	17	2	2
42949673016	33	2	2
42949673015	26	2	2
42949673014	51	2	2
42949673012	89	2	2
42949673011	45	2	2
42949673010	98	2	2
42949673008	123	2	2
42949673007	61	2	2
42949673006	126	2	2
42949673005	65	2	2
42949673004	130	2	2
42949673003	79	2	2
42949673002	105	2	2
42949673001	93	2	2
42949673000	112	2	2
42949672999	92	2	2
42949672998	90	2	2
42949672997	83	2	2
42949672996	65	2	2
42949672995	63	2	2
42949672994	67	2	2
42949672992	79	2	2
42949672991	72	2	2
42949672988	108	2	2
42949672983	163	2	2
42949672980	306	2	2
42949672979	230	2	2
42949672978	369	2	2
42949672977	272	2	2
42949672976	500	2	2
42949672975	364	2	2
42949672974	637	2	2
42949672973	470	2	2
42949672972	764	2	2
42949672971	642	2	2
42949672970	874	2	2
42949672969	883	2	2
42949672968	1128	2	2
42949672967	1003	2	2
42949672966	1280	2	2
42949672965	1238	2	2
42949672964	1842	2	2
42949672963	1557	2	2
42949672962	2224	2	2
42949672961	1934	2	2
40802189387	17	2	2
40802189386	25	2	2
40802189384	21	2	2
40802189383	15	2	2
40802189382	20	2	2
40802189372	21	2	2
40802189371	21	2	2
40802189368	28	2	2
40802189367	24	2	2
40802189365	81	2	2
40802189364	36	2	2
40802189363	99	2	2
40802189362	47	2	2
40802189361	145	2	2
40802189360	60	2	2
40802189359	133	2	2
40802189358	79	2	2
40802189357	145	2	2
40802189356	92	2	2
40802189355	117	2	2
40802189354	148	2	2
40802189353	154	2	2
40802189352	172	2	2
40802189351	131	2	2
40802189350	155	2	2
40802189349	112	2	2
40802189348	113	2	2
40802189347	105	2	2
40802189346	142	2	2
40802189345	127	2	2
40802189344	141	2	2
40802189343	134	2	2
40802189342	146	2	2
40802189341	177	2	2
40802189340	179	2	2
40802189339	228	2	2
40802189338	241	2	2
40802189337	263	2	2
40802189333	361	2	2
40802189331	447	2	2
40802189329	550	2	2
40802189328	563	2	2
40802189327	654	2	2
40802189326	684	2	2
40802189325	801	2	2
40802189324	1019	2	2
40802189323	900	2	2
40802189322	1228	2	2
40802189321	1103	2	2
40802189320	1546	2	2
40802189319	1199	2	2
40802189318	2094	2	2
40802189317	1648	2	2
40802189316	1921	2	2
40802189315	1953	2	2
40802189314	2175	2	2
38654705739	17	2	2
38654705737	15	2	2
38654705731	24	2	2
38654705722	21	2	2
38654705721	17	2	2
38654705718	92	2	2
38654705717	26	2	2
38654705716	100	2	2
38654705715	26	2	2
38654705714	136	2	2
38654705713	53	2	2
38654705712	149	2	2
38654705711	52	2	2
38654705709	76	2	2
38654705708	127	2	2
38654705707	110	2	2
38654705706	162	2	2
38654705705	129	2	2
38654705704	129	2	2
38654705703	100	2	2
38654705702	124	2	2
38654705701	110	2	2
38654705700	90	2	2
38654705699	85	2	2
38654705698	96	2	2
38654705697	92	2	2
38654705695	94	2	2
38654705694	154	2	2
38654705688	208	2	2
38654705686	283	2	2
38654705684	361	2	2
38654705682	498	2	2
38654705680	619	2	2
38654705679	537	2	2
38654705678	774	2	2
38654705677	827	2	2
38654705676	875	2	2
38654705675	872	2	2
38654705674	1062	2	2
38654705673	1292	2	2
38654705672	1209	2	2
38654705671	1465	2	2
38654705670	1474	2	2
38654705669	1328	2	2
38654705668	1833	2	2
38654705667	1619	2	2
38654705666	2471	2	2
38654705665	2990	2	2
36507222092	16	2	2
36507222071	36	2	2
36507222069	58	2	2
36507222068	16	2	2
36507222067	74	2	2
36507222066	22	2	2
36507222065	85	2	2
36507222063	91	2	2
36507222062	41	2	2
36507222061	97	2	2
36507222060	76	2	2
36507222059	100	2	2
36507222058	91	2	2
36507222057	83	2	2
36507222056	67	2	2
36507222055	55	2	2
36507222054	71	2	2
36507222053	53	2	2
36507222052	59	2	2
36507222051	65	2	2
36507222050	60	2	2
36507222039	229	2	2
36507222037	274	2	2
36507222035	365	2	2
36507222033	476	2	2
36507222032	367	2	2
36507222031	614	2	2
36507222030	581	2	2
36507222029	680	2	2
36507222028	851	2	2
36507222027	811	2	2
36507222026	887	2	2
36507222025	898	2	2
36507222024	1128	2	2
36507222023	1169	2	2
36507222022	1448	2	2
36507222021	1484	2	2
36507222020	1600	2	2
36507222019	2075	2	2
36507222018	2675	2	2
34359738449	15	2	2
34359738428	23	2	2
34359738426	31	2	2
34359738424	96	2	2
34359738423	32	2	2
34359738422	93	2	2
34359738421	31	2	2
34359738420	121	2	2
34359738418	151	2	2
34359738417	59	2	2
34359738416	178	2	2
34359738415	69	2	2
34359738414	139	2	2
34359738413	106	2	2
34359738412	167	2	2
34359738411	110	2	2
34359738410	138	2	2
34359738409	93	2	2
34359738408	130	2	2
34359738407	131	2	2
34359738406	120	2	2
34359738405	99	2	2
34359738404	105	2	2
34359738403	91	2	2
34359738402	91	2	2
34359738401	84	2	2
34359738400	118	2	2
34359738396	190	2	2
34359738394	184	2	2
34359738392	247	2	2
34359738390	327	2	2
34359738388	447	2	2
34359738386	506	2	2
34359738385	376	2	2
34359738384	663	2	2
34359738383	629	2	2
34359738382	761	2	2
34359738381	791	2	2
34359738380	889	2	2
34359738379	986	2	2
34359738378	916	2	2
34359738377	1207	2	2
34359738376	1186	2	2
34359738375	1105	2	2
34359738374	1347	2	2
34359738373	1305	2	2
34359738372	1710	2	2
34359738371	2154	2	2
34359738369	1929	2	2
32212254801	15	2	2
32212254783	16	2	2
32212254777	53	2	2
32212254775	63	2	2
32212254773	81	2	2
32212254772	27	2	2
32212254771	104	2	2
32212254770	29	2	2
32212254769	116	2	2
32212254768	42	2	2
32212254767	118	2	2
32212254766	78	2	2
32212254764	87	2	2
32212254763	105	2	2
32212254762	73	2	2
32212254761	89	2	2
32212254760	97	2	2
32212254759	74	2	2
32212254758	73	2	2
32212254757	70	2	2
32212254756	66	2	2
32212254754	61	2	2
32212254745	193	2	2
32212254743	254	2	2
32212254741	339	2	2
32212254739	382	2	2
32212254738	266	2	2
32212254737	487	2	2
32212254736	444	2	2
32212254735	572	2	2
32212254734	707	2	2
32212254733	672	2	2
32212254732	686	2	2
32212254731	718	2	2
32212254730	899	2	2
32212254729	879	2	2
32212254728	1123	2	2
32212254727	1086	2	2
32212254726	1260	2	2
32212254725	1384	2	2
32212254724	1701	2	2
32212254723	1850	2	2
32212254722	2227	2	2
30064771138	21	2	2
30064771136	25	2	2
30064771134	23	2	2
30064771133	21	2	2
30064771130	32	2	2
30064771129	19	2	2
30064771128	32	2	2
30064771126	42	2	2
30064771125	24	2	2
30064771124	63	2	2
30064771122	83	2	2
30064771121	22	2	2
30064771120	77	2	2
30064771119	36	2	2
30064771118	105	2	2
30064771116	91	2	2
30064771114	93	2	2
30064771113	84	2	2
30064771112	87	2	2
30064771111	85	2	2
30064771110	76	2	2
30064771109	82	2	2
30064771108	60	2	2
30064771107	68	2	2
30064771098	163	2	2
30064771096	200	2	2
30064771094	288	2	2
30064771092	331	2	2
30064771091	193	2	2
30064771090	423	2	2
30064771089	307	2	2
30064771088	495	2	2
30064771087	521	2	2
30064771086	565	2	2
30064771085	504	2	2
30064771084	610	2	2
30064771083	692	2	2
30064771082	757	2	2
30064771081	819	2	2
30064771080	819	2	2
30064771079	836	2	2
30064771078	1100	2	2
30064771077	1193	2	2
30064771076	1403	2	2
30064771075	1513	2	2
30064771074	2283	2	2
30064771073	1984	2	2
27917287489	18	2	2
27917287488	21	2	2
27917287486	24	2	2
27917287485	22	2	2
27917287483	30	2	2
27917287482	22	2	2
27917287481	29	2	2
27917287478	26	2	2
27917287477	57	2	2
27917287475	74	2	2
27917287474	20	2	2
27917287473	70	2	2
27917287472	29	2	2
27917287471	93	2	2
27917287470	36	2	2
27917287469	89	2	2
27917287468	44	2	2
27917287467	91	2	2
27917287466	83	2	2
27917287465	87	2	2
27917287464	90	2	2
27917287463	80	2	2
27917287462	77	2	2
27917287461	59	2	2
27917287460	68	2	2
27917287451	179	2	2
27917287449	243	2	2
27917287447	327	2	2
27917287445	356	2	2
27917287444	254	2	2
27917287443	428	2	2
27917287442	377	2	2
27917287441	505	2	2
27917287440	620	2	2
27917287439	613	2	2
27917287438	609	2	2
27917287437	649	2	2
27917287436	818	2	2
27917287435	743	2	2
27917287434	951	2	2
27917287433	880	2	2
27917287432	1014	2	2
27917287431	1093	2	2
27917287430	1387	2	2
27917287429	1444	2	2
27917287428	1813	2	2
27917287427	2148	2	2
27917287426	2652	2	2
25769803844	18	2	2
25769803841	18	2	2
25769803840	20	2	2
25769803838	28	2	2
25769803836	30	2	2
25769803835	15	2	2
25769803834	30	2	2
25769803833	19	2	2
25769803832	33	2	2
25769803831	27	2	2
25769803830	44	2	2
25769803829	23	2	2
25769803828	70	2	2
25769803826	63	2	2
25769803825	27	2	2
25769803824	68	2	2
25769803822	65	2	2
25769803821	25	2	2
25769803820	68	2	2
25769803818	73	2	2
25769803816	61	2	2
25769803814	55	2	2
25769803813	52	2	2
25769803804	131	2	2
25769803802	163	2	2
25769803800	241	2	2
25769803798	274	2	2
25769803797	153	2	2
25769803796	355	2	2
25769803795	246	2	2
25769803794	417	2	2
25769803793	410	2	2
25769803792	514	2	2
25769803791	420	2	2
25769803790	558	2	2
25769803789	566	2	2
25769803788	661	2	2
25769803787	704	2	2
25769803786	675	2	2
25769803785	694	2	2
25769803784	906	2	2
25769803783	875	2	2
25769803782	1113	2	2
25769803781	1152	2	2
25769803780	1645	2	2
25769803779	1458	2	2
25769803778	2462	2	2
25769803777	1951	2	2
23622320191	18	2	2
23622320186	24	2	2
23622320185	18	2	2
23622320184	25	2	2
23622320183	31	2	2
23622320182	24	2	2
23622320181	48	2	2
23622320180	23	2	2
23622320179	56	2	2
23622320178	27	2	2
23622320177	57	2	2
23622320175	61	2	2
23622320174	33	2	2
23622320173	63	2	2
23622320172	73	2	2
23622320171	68	2	2
23622320170	73	2	2
23622320169	62	2	2
23622320167	57	2	2
23622320166	71	2	2
23622320161	92	2	2
23622320160	78	2	2
23622320157	140	2	2
23622320155	192	2	2
23622320153	251	2	2
23622320151	284	2	2
23622320150	213	2	2
23622320149	349	2	2
23622320148	311	2	2
23622320147	402	2	2
23622320146	481	2	2
23622320145	486	2	2
23622320144	473	2	2
23622320143	514	2	2
23622320142	631	2	2
23622320141	594	2	2
23622320140	766	2	2
23622320139	631	2	2
23622320138	732	2	2
23622320137	747	2	2
23622320136	958	2	2
23622320135	1030	2	2
23622320134	1294	2	2
23622320133	1548	2	2
23622320132	1682	2	2
23622320131	1912	2	2
23622320130	2362	2	2
21474836566	15	2	2
21474836552	15	2	2
21474836548	19	2	2
21474836546	21	2	2
21474836545	17	2	2
21474836544	25	2	2
21474836543	19	2	2
21474836542	32	2	2
21474836541	19	2	2
21474836540	55	2	2
21474836538	52	2	2
21474836537	30	2	2
21474836536	53	2	2
21474836535	30	2	2
21474836534	49	2	2
21474836533	23	2	2
21474836532	49	2	2
21474836531	47	2	2
21474836530	61	2	2
21474836529	47	2	2
21474836528	59	2	2
21474836527	48	2	2
21474836526	57	2	2
21474836525	35	2	2
21474836524	63	2	2
21474836523	46	2	2
21474836522	63	2	2
21474836521	55	2	2
21474836520	64	2	2
21474836519	60	2	2
21474836517	87	2	2
21474836515	70	2	2
21474836514	89	2	2
21474836513	85	2	2
21474836512	85	2	2
21474836510	126	2	2
21474836508	160	2	2
21474836506	239	2	2
21474836505	167	2	2
21474836504	286	2	2
21474836502	310	2	2
21474836501	227	2	2
21474836500	337	2	2
21474836499	373	2	2
21474836498	454	2	2
21474836497	384	2	2
21474836496	500	2	2
21474836495	538	2	2
21474836494	589	2	2
21474836493	646	2	2
21474836492	588	2	2
21474836491	637	2	2
21474836490	736	2	2
21474836489	766	2	2
21474836488	937	2	2
21474836487	906	2	2
21474836486	1327	2	2
21474836485	1118	2	2
21474836484	1519	2	2
21474836483	1396	2	2
21474836482	2060	2	2
21474836481	1799	2	2
19327352903	16	2	2
19327352899	15	2	2
19327352898	17	2	2
19327352897	22	2	2
19327352895	19	2	2
19327352893	34	2	2
19327352890	26	2	2
19327352889	41	2	2
19327352886	20	2	2
19327352885	37	2	2
19327352884	31	2	2
19327352883	55	2	2
19327352882	37	2	2
19327352881	56	2	2
19327352880	43	2	2
19327352879	52	2	2
19327352878	37	2	2
19327352877	54	2	2
19327352876	45	2	2
19327352875	55	2	2
19327352874	55	2	2
19327352873	71	2	2
19327352872	63	2	2
19327352871	83	2	2
19327352870	91	2	2
19327352868	90	2	2
19327352867	95	2	2
19327352866	90	2	2
19327352863	131	2	2
19327352861	156	2	2
19327352859	222	2	2
19327352857	266	2	2
19327352855	289	2	2
19327352854	250	2	2
19327352853	333	2	2
19327352852	387	2	2
19327352851	432	2	2
19327352850	410	2	2
19327352849	464	2	2
19327352848	508	2	2
19327352847	496	2	2
19327352846	601	2	2
19327352845	526	2	2
19327352844	583	2	2
19327352843	582	2	2
19327352842	726	2	2
19327352841	765	2	2
19327352840	866	2	2
19327352839	1179	2	2
19327352838	1139	2	2
19327352837	1317	2	2
19327352836	1448	2	2
19327352835	1714	2	2
19327352834	2181	2	2
17179869259	15	2	2
17179869254	17	2	2
17179869248	37	2	2
17179869247	17	2	2
17179869246	33	2	2
17179869245	21	2	2
17179869244	40	2	2
17179869243	21	2	2
17179869242	52	2	2
17179869241	26	2	2
17179869240	61	2	2
17179869239	24	2	2
17179869238	49	2	2
17179869237	34	2	2
17179869236	56	2	2
17179869235	34	2	2
17179869234	62	2	2
17179869233	35	2	2
17179869232	51	2	2
17179869231	44	2	2
17179869230	55	2	2
17179869229	47	2	2
17179869228	41	2	2
17179869227	39	2	2
17179869226	38	2	2
17179869224	52	2	2
17179869223	45	2	2
17179869220	79	2	2
17179869219	68	2	2
17179869218	81	2	2
17179869216	102	2	2
17179869214	123	2	2
17179869212	177	2	2
17179869210	237	2	2
17179869209	137	2	2
17179869208	267	2	2
17179869207	205	2	2
17179869206	295	2	2
17179869205	308	2	2
17179869204	372	2	2
17179869203	328	2	2
17179869202	407	2	2
17179869201	448	2	2
17179869200	529	2	2
17179869199	579	2	2
17179869198	574	2	2
17179869197	595	2	2
17179869196	673	2	2
17179869195	671	2	2
17179869194	817	2	2
17179869193	855	2	2
17179869192	1191	2	2
17179869191	1062	2	2
17179869190	1371	2	2
17179869189	1369	2	2
17179869188	1678	2	2
17179869187	1580	2	2
17179869186	2131	2	2
17179869185	1740	2	2
15032385626	18	2	2
15032385603	17	2	2
15032385601	19	2	2
15032385599	18	2	2
15032385598	18	2	2
15032385595	34	2	2
15032385592	23	2	2
15032385591	37	2	2
15032385590	21	2	2
15032385589	51	2	2
15032385588	26	2	2
15032385587	59	2	2
15032385585	54	2	2
15032385584	43	2	2
15032385583	59	2	2
15032385582	49	2	2
15032385581	48	2	2
15032385580	44	2	2
15032385577	52	2	2
15032385576	48	2	2
15032385575	63	2	2
15032385574	63	2	2
15032385573	82	2	2
15032385572	72	2	2
15032385571	81	2	2
15032385569	110	2	2
15032385567	125	2	2
15032385566	97	2	2
15032385565	176	2	2
15032385563	215	2	2
15032385562	140	2	2
15032385561	256	2	2
15032385560	197	2	2
15032385559	279	2	2
15032385558	289	2	2
15032385557	337	2	2
15032385556	321	2	2
15032385555	363	2	2
15032385554	393	2	2
15032385553	464	2	2
15032385552	524	2	2
15032385551	496	2	2
15032385550	503	2	2
15032385549	565	2	2
15032385548	624	2	2
15032385547	705	2	2
15032385546	795	2	2
15032385545	1068	2	2
15032385544	1016	2	2
15032385543	1272	2	2
15032385542	1379	2	2
15032385541	1544	2	2
15032385540	1729	2	2
15032385539	1881	2	2
15032385538	2132	2	2
12884901978	24	2	2
12884901975	24	2	2
12884901957	21	2	2
12884901956	24	2	2
12884901955	18	2	2
12884901954	26	2	2
12884901951	24	2	2
12884901950	27	2	2
12884901949	19	2	2
12884901948	39	2	2
12884901946	54	2	2
12884901944	61	2	2
12884901943	24	2	2
12884901942	73	2	2
12884901941	22	2	2
12884901940	76	2	2
12884901939	23	2	2
12884901938	74	2	2
12884901937	53	2	2
12884901936	78	2	2
12884901935	61	2	2
12884901934	62	2	2
12884901933	60	2	2
12884901932	46	2	2
12884901931	50	2	2
12884901930	31	2	2
12884901929	33	2	2
12884901928	43	2	2
12884901926	37	2	2
12884901925	33	2	2
12884901924	44	2	2
12884901922	59	2	2
12884901920	78	2	2
12884901918	104	2	2
12884901916	117	2	2
12884901914	158	2	2
12884901913	111	2	2
12884901912	185	2	2
12884901911	199	2	2
12884901910	236	2	2
12884901909	183	2	2
12884901908	244	2	2
12884901907	253	2	2
12884901906	309	2	2
12884901905	333	2	2
12884901904	369	2	2
12884901903	377	2	2
12884901902	516	2	2
12884901901	575	2	2
12884901900	665	2	2
12884901899	718	2	2
12884901898	920	2	2
12884901897	856	2	2
12884901896	1169	2	2
12884901895	1188	2	2
12884901894	1508	2	2
12884901893	1372	2	2
12884901892	1572	2	2
12884901891	1290	2	2
12884901890	2013	2	2
12884901889	1856	2	2
10737418333	28	2	2
10737418331	29	2	2
10737418328	20	2	2
10737418312	15	2	2
10737418310	17	2	2
10737418309	21	2	2
10737418307	19	2	2
10737418302	15	2	2
10737418301	19	2	2
10737418299	30	2	2
10737418297	39	2	2
10737418296	23	2	2
10737418295	51	2	2
10737418293	57	2	2
10737418292	25	2	2
10737418291	56	2	2
10737418290	31	2	2
10737418289	60	2	2
10737418288	48	2	2
10737418287	64	2	2
10737418286	53	2	2
10737418285	45	2	2
10737418284	50	2	2
10737418283	31	2	2
10737418282	35	2	2
10737418280	26	2	2
10737418279	36	2	2
10737418278	36	2	2
10737418276	37	2	2
10737418275	58	2	2
10737418273	77	2	2
10737418271	96	2	2
10737418269	110	2	2
10737418267	145	2	2
10737418266	108	2	2
10737418265	156	2	2
10737418264	186	2	2
10737418263	213	2	2
10737418262	195	2	2
10737418261	234	2	2
10737418260	257	2	2
10737418259	259	2	2
10737418258	309	2	2
10737418257	348	2	2
10737418256	327	2	2
10737418255	437	2	2
10737418254	507	2	2
10737418253	534	2	2
10737418252	622	2	2
10737418251	819	2	2
10737418250	781	2	2
10737418249	959	2	2
10737418248	1022	2	2
10737418247	1234	2	2
10737418246	1350	2	2
10737418245	1343	2	2
10737418244	1405	2	2
10737418243	1733	2	2
10737418242	2109	2	2
8589934684	32	2	2
8589934683	31	2	2
8589934681	31	2	2
8589934674	15	2	2
8589934668	16	2	2
8589934664	18	2	2
8589934660	37	2	2
8589934658	32	2	2
8589934656	38	2	2
8589934654	39	2	2
8589934650	42	2	2
8589934649	26	2	2
8589934648	60	2	2
8589934647	26	2	2
8589934646	52	2	2
8589934644	59	2	2
8589934643	40	2	2
8589934642	83	2	2
8589934641	49	2	2
8589934640	76	2	2
8589934639	49	2	2
8589934638	76	2	2
8589934637	50	2	2
8589934636	70	2	2
8589934635	74	2	2
8589934634	61	2	2
8589934633	75	2	2
8589934632	60	2	2
8589934631	63	2	2
8589934629	48	2	2
8589934628	63	2	2
8589934626	66	2	2
8589934624	106	2	2
8589934622	115	2	2
8589934621	78	2	2
8589934620	130	2	2
8589934619	101	2	2
8589934618	152	2	2
8589934617	168	2	2
8589934616	196	2	2
8589934615	180	2	2
8589934614	226	2	2
8589934613	240	2	2
8589934612	255	2	2
8589934611	310	2	2
8589934610	303	2	2
8589934609	301	2	2
8589934608	355	2	2
8589934607	398	2	2
8589934606	432	2	2
8589934605	482	2	2
8589934604	717	2	2
8589934603	663	2	2
8589934602	911	2	2
8589934601	850	2	2
8589934600	1059	2	2
8589934599	975	2	2
8589934598	1286	2	2
8589934597	1096	2	2
8589934596	1426	2	2
8589934595	1302	2	2
8589934594	2028	2	2
8589934593	1511	2	2
6442451037	33	2	2
6442451036	30	2	2
6442451034	30	2	2
6442451025	16	2	2
6442451011	21	2	2
6442451007	22	2	2
6442451004	21	2	2
6442451003	22	2	2
6442451001	39	2	2
6442450999	42	2	2
6442450997	57	2	2
6442450996	27	2	2
6442450995	66	2	2
6442450994	38	2	2
6442450993	70	2	2
6442450992	46	2	2
6442450991	73	2	2
6442450990	50	2	2
6442450989	65	2	2
6442450988	72	2	2
6442450987	54	2	2
6442450986	68	2	2
6442450985	56	2	2
6442450984	66	2	2
6442450981	52	2	2
6442450979	73	2	2
6442450977	95	2	2
6442450976	80	2	2
6442450975	116	2	2
6442450974	87	2	2
6442450973	111	2	2
6442450972	108	2	2
6442450971	132	2	2
6442450970	162	2	2
6442450969	187	2	2
6442450968	183	2	2
6442450967	204	2	2
6442450966	230	2	2
6442450965	222	2	2
6442450964	269	2	2
6442450963	255	2	2
6442450962	259	2	2
6442450961	272	2	2
6442450960	288	2	2
6442450959	356	2	2
6442450958	376	2	2
6442450957	595	2	2
6442450956	555	2	2
6442450955	707	2	2
6442450954	778	2	2
6442450953	839	2	2
6442450952	924	2	2
6442450951	1063	2	2
6442450950	1118	2	2
6442450949	1210	2	2
6442450948	1364	2	2
6442450947	1516	2	2
6442450946	1716	2	2
4294967392	34	2	2
4294967390	25	2	2
4294967388	22	2	2
4294967382	22	2	2
4294967370	22	2	2
4294967368	17	2	2
4294967364	22	2	2
4294967362	27	2	2
4294967361	19	2	2
4294967358	23	2	2
4294967356	27	2	2
4294967355	18	2	2
4294967354	41	2	2
4294967353	21	2	2
4294967350	42	2	2
4294967348	49	2	2
4294967347	28	2	2
4294967346	58	2	2
4294967345	32	2	2
4294967344	75	2	2
4294967343	36	2	2
4294967341	56	2	2
4294967340	74	2	2
4294967339	68	2	2
4294967338	76	2	2
4294967337	67	2	2
4294967336	67	2	2
4294967335	65	2	2
4294967334	60	2	2
4294967333	52	2	2
4294967332	58	2	2
4294967330	81	2	2
4294967328	90	2	2
4294967326	122	2	2
4294967325	84	2	2
4294967324	130	2	2
4294967323	143	2	2
4294967322	173	2	2
4294967321	158	2	2
4294967320	168	2	2
4294967319	190	2	2
4294967318	187	2	2
4294967317	239	2	2
4294967316	202	2	2
4294967315	216	2	2
4294967314	263	2	2
4294967313	288	2	2
4294967312	318	2	2
4294967311	380	2	2
4294967310	487	2	2
4294967309	477	2	2
4294967308	672	2	2
4294967307	646	2	2
4294967306	827	2	2
4294967305	783	2	2
4294967304	1017	2	2
4294967303	955	2	2
4294967302	1140	2	2
4294967301	1040	2	2
4294967300	1441	2	2
4294967299	1115	2	2
4294967298	1990	2	2
4294967297	1490	2	2
2147483745	30	2	2
2147483743	21	2	2
2147483742	21	2	2
2147483741	20	2	2
2147483740	23	2	2
2147483735	18	2	2
2147483711	19	2	2
2147483708	16	2	2
2147483706	16	2	2
2147483701	52	2	2
2147483699	68	2	2
2147483698	37	2	2
2147483697	85	2	2
2147483696	36	2	2
2147483695	83	2	2
2147483694	57	2	2
2147483693	73	2	2
2147483692	74	2	2
2147483691	75	2	2
2147483690	65	2	2
2147483689	76	2	2
2147483688	66	2	2
2147483687	60	2	2
2147483686	57	2	2
2147483685	58	2	2
2147483678	92	2	2
2147483677	128	2	2
2147483676	110	2	2
2147483675	162	2	2
2147483674	158	2	2
2147483673	146	2	2
2147483663	411	2	2
2147483662	352	2	2
2147483661	451	2	2
2147483660	498	2	2
2147483659	614	2	2
2147483658	686	2	2
2147483657	813	2	2
2147483656	871	2	2
2147483655	904	2	2
2147483654	1009	2	2
2147483653	1006	2	2
2147483652	1095	2	2
2147483651	1353	2	2
2147483650	1663	2	2
2147483649	2904	2	2
176093659152	130	2	3
171798691858	108	2	3
169651208211	162	2	3
169651208209	271	2	3
167503724564	118	2	3
167503724563	230	2	3
167503724562	260	2	3
167503724561	283	2	3
165356240917	143	2	3
165356240915	245	2	3
165356240914	427	2	3
163208757270	101	2	3
163208757269	207	2	3
163208757268	236	2	3
163208757267	268	2	3
163208757265	400	2	3
161061273623	108	2	3
161061273622	222	2	3
161061273621	226	2	3
161061273620	376	2	3
161061273619	378	2	3
158913789976	86	2	3
158913789975	149	2	3
158913789974	196	2	3
158913789973	189	2	3
158913789972	291	2	3
158913789971	299	2	3
156766306329	90	2	3
156766306328	170	2	3
156766306327	185	2	3
156766306326	330	2	3
156766306325	304	2	3
156766306324	478	2	3
156766306320	702	2	3
156766306318	883	2	3
154618822682	64	2	3
154618822681	131	2	3
154618822680	173	2	3
154618822679	235	2	3
154618822678	281	2	3
154618822677	365	2	3
154618822671	597	2	3
152471339035	80	2	3
152471339034	138	2	3
152471339033	155	2	3
152471339032	264	2	3
152471339031	268	2	3
152471339030	430	2	3
152471339026	552	2	3
150323855388	45	2	3
150323855387	79	2	3
150323855386	122	2	3
150323855385	152	2	3
150323855384	171	2	3
150323855383	235	2	3
150323855377	373	2	3
150323855376	492	2	3
148176371741	59	2	3
148176371740	109	2	3
148176371739	132	2	3
148176371738	232	2	3
148176371737	230	2	3
148176371736	330	2	3
148176371734	414	2	3
148176371733	368	2	3
148176371732	455	2	3
148176371731	423	2	3
148176371730	605	2	3
148176371729	502	2	3
148176371728	683	2	3
146028888094	39	2	3
146028888093	71	2	3
146028888092	100	2	3
146028888091	128	2	3
146028888090	173	2	3
146028888089	228	2	3
146028888087	224	2	3
146028888086	249	2	3
146028888085	242	2	3
146028888083	347	2	3
146028888082	413	2	3
143881404447	57	2	3
143881404446	93	2	3
143881404445	104	2	3
143881404444	202	2	3
143881404443	194	2	3
143881404442	294	2	3
143881404441	206	2	3
143881404439	321	2	3
143881404438	393	2	3
143881404437	342	2	3
143881404436	514	2	3
143881404435	425	2	3
141733920800	32	2	3
141733920799	69	2	3
141733920797	121	2	3
141733920796	149	2	3
141733920795	198	2	3
141733920794	161	2	3
141733920793	216	2	3
141733920792	216	2	3
141733920791	226	2	3
141733920789	312	2	3
139586437153	42	2	3
139586437152	80	2	3
139586437151	79	2	3
139586437150	151	2	3
139586437149	164	2	3
139586437148	233	2	3
139586437147	175	2	3
139586437146	296	2	3
139586437145	282	2	3
139586437144	353	2	3
139586437143	307	2	3
139586437142	424	2	3
139586437141	375	2	3
139586437140	521	2	3
137438953506	30	2	3
137438953505	57	2	3
137438953504	69	2	3
137438953503	98	2	3
137438953502	129	2	3
137438953501	173	2	3
137438953500	124	2	3
137438953497	192	2	3
137438953493	419	2	3
135291469859	35	2	3
135291469858	71	2	3
135291469857	72	2	3
135291469856	142	2	3
135291469855	135	2	3
135291469854	214	2	3
135291469852	250	2	3
135291469851	236	2	3
135291469850	295	2	3
135291469849	260	2	3
135291469848	375	2	3
135291469847	320	2	3
135291469846	438	2	3
133143986212	34	2	3
133143986211	49	2	3
133143986210	68	2	3
133143986209	70	2	3
133143986208	111	2	3
133143986207	120	2	3
133143986205	108	2	3
133143986202	229	2	3
130996502565	36	2	3
130996502564	67	2	3
130996502563	60	2	3
130996502562	118	2	3
130996502561	124	2	3
130996502560	191	2	3
130996502559	129	2	3
130996502558	223	2	3
130996502557	189	2	3
130996502556	248	2	3
130996502554	326	2	3
130996502553	277	2	3
130996502552	408	2	3
128849018918	34	2	3
128849018917	34	2	3
128849018916	48	2	3
128849018915	68	2	3
128849018914	100	2	3
128849018913	148	2	3
128849018907	190	2	3
128849018905	317	2	3
126701535271	37	2	3
126701535269	56	2	3
126701535268	94	2	3
126701535266	164	2	3
126701535265	93	2	3
126701535264	170	2	3
126701535262	186	2	3
126701535261	172	2	3
126701535260	248	2	3
126701535259	208	2	3
126701535258	307	2	3
124554051624	29	2	3
124554051621	64	2	3
124554051618	61	2	3
124554051615	93	2	3
124554051614	146	2	3
124554051613	158	2	3
124554051612	173	2	3
122406567977	25	2	3
122406567975	41	2	3
122406567974	95	2	3
122406567972	158	2	3
122406567969	130	2	3
122406567968	158	2	3
122406567967	160	2	3
122406567966	207	2	3
122406567965	185	2	3
122406567964	287	2	3
120259084328	49	2	3
120259084327	57	2	3
120259084324	54	2	3
120259084320	137	2	3
120259084319	143	2	3
120259084318	171	2	3
120259084317	256	2	3
118111600683	28	2	3
118111600681	49	2	3
118111600680	89	2	3
118111600676	133	2	3
118111600674	138	2	3
118111600673	137	2	3
118111600671	170	2	3
118111600670	264	2	3
118111600669	200	2	3
115964117036	16	2	3
115964117034	38	2	3
115964117033	42	2	3
115964117032	65	2	3
115964117031	100	2	3
115964117030	61	2	3
115964117029	95	2	3
115964117026	126	2	3
115964117025	115	2	3
115964117024	155	2	3
115964117023	202	2	3
113816633387	38	2	3
113816633386	62	2	3
113816633385	86	2	3
113816633384	125	2	3
113816633382	114	2	3
113816633379	119	2	3
113816633378	162	2	3
113816633377	172	2	3
113816633376	226	2	3
111669149737	101	2	3
111669149736	71	2	3
111669149735	99	2	3
111669149733	82	2	3
111669149732	124	2	3
111669149731	110	2	3
111669149730	162	2	3
111669149729	200	2	3
109521666092	56	2	3
109521666090	114	2	3
109521666089	65	2	3
109521666088	133	2	3
109521666086	117	2	3
109521666085	125	2	3
109521666084	149	2	3
109521666083	149	2	3
109521666082	214	2	3
107374182446	31	2	3
107374182445	37	2	3
107374182444	54	2	3
107374182442	65	2	3
107374182438	99	2	3
107374182437	92	2	3
107374182436	120	2	3
107374182435	156	2	3
105226698801	15	2	3
105226698800	26	2	3
105226698799	18	2	3
105226698798	53	2	3
105226698797	61	2	3
105226698796	96	2	3
105226698795	47	2	3
105226698794	97	2	3
105226698793	77	2	3
105226698792	99	2	3
105226698791	99	2	3
105226698790	124	2	3
105226698789	107	2	3
105226698788	174	2	3
105226698787	133	2	3
103079215154	15	2	3
103079215153	34	2	3
103079215152	32	2	3
103079215151	32	2	3
103079215150	57	2	3
103079215147	76	2	3
103079215143	72	2	3
103079215142	104	2	3
103079215141	141	2	3
100931731507	19	2	3
100931731505	33	2	3
100931731504	50	2	3
100931731503	55	2	3
100931731501	54	2	3
100931731500	85	2	3
100931731499	77	2	3
100931731498	75	2	3
100931731497	73	2	3
100931731496	92	2	3
100931731495	88	2	3
100931731494	124	2	3
98784247858	27	2	3
98784247857	34	2	3
98784247856	55	2	3
98784247855	67	2	3
98784247853	74	2	3
98784247851	50	2	3
96636764211	28	2	3
96636764210	44	2	3
96636764209	54	2	3
96636764208	82	2	3
96636764206	85	2	3
96636764205	60	2	3
96636764204	68	2	3
96636764203	67	2	3
96636764202	70	2	3
96636764201	84	2	3
96636764200	99	2	3
94489280565	24	2	3
94489280564	25	2	3
94489280563	34	2	3
94489280562	48	2	3
94489280561	57	2	3
94489280559	66	2	3
94489280557	44	2	3
94489280555	62	2	3
94489280542	267	2	3
94489280540	511	2	3
94489280539	414	2	3
92341796918	21	2	3
92341796917	19	2	3
92341796916	38	2	3
92341796915	47	2	3
92341796914	66	2	3
92341796912	78	2	3
92341796911	46	2	3
92341796910	53	2	3
92341796908	84	2	3
90194313271	20	2	3
90194313270	19	2	3
90194313267	49	2	3
90194313265	53	2	3
90194313264	54	2	3
90194313240	580	2	3
90194313239	498	2	3
88046829624	17	2	3
88046829623	17	2	3
88046829622	30	2	3
88046829621	38	2	3
88046829620	47	2	3
88046829616	55	2	3
88046829600	349	2	3
88046829598	432	2	3
88046829594	634	2	3
88046829592	787	2	3
88046829590	875	2	3
88046829588	1057	2	3
85899345977	16	2	3
85899345976	19	2	3
85899345974	34	2	3
85899345972	38	2	3
85899345971	38	2	3
85899345969	23	2	3
85899345968	58	2	3
85899345962	85	2	3
85899345961	69	2	3
85899345947	312	2	3
85899345946	377	2	3
85899345945	348	2	3
85899345944	448	2	3
85899345943	373	2	3
85899345942	489	2	3
85899345938	701	2	3
85899345937	685	2	3
83751862330	17	2	3
83751862329	20	2	3
83751862328	34	2	3
83751862327	34	2	3
83751862326	53	2	3
83751862325	32	2	3
83751862324	58	2	3
83751862322	46	2	3
83751862321	62	2	3
83751862315	62	2	3
83751862314	131	2	3
83751862302	442	2	3
83751862300	531	2	3
83751862296	726	2	3
83751862294	858	2	3
83751862293	756	2	3
83751862292	1084	2	3
81604378683	19	2	3
81604378682	17	2	3
81604378681	21	2	3
81604378680	35	2	3
81604378676	35	2	3
81604378672	73	2	3
81604378671	35	2	3
81604378667	59	2	3
81604378652	251	2	3
81604378651	281	2	3
81604378649	336	2	3
81604378648	382	2	3
81604378647	421	2	3
81604378646	506	2	3
81604378645	502	2	3
81604378644	528	2	3
81604378643	566	2	3
81604378642	653	2	3
81604378641	639	2	3
81604378640	685	2	3
79456895036	21	2	3
79456895035	18	2	3
79456895034	34	2	3
79456895031	40	2	3
79456895030	47	2	3
79456895028	46	2	3
79456895007	331	2	3
79456895004	499	2	3
79456895002	572	2	3
79456895001	352	2	3
79456895000	707	2	3
79456894999	634	2	3
79456894998	837	2	3
79456894997	685	2	3
79456894996	974	2	3
79456894995	823	2	3
77309411388	18	2	3
77309411385	22	2	3
77309411384	36	2	3
77309411380	56	2	3
77309411378	59	2	3
77309411373	51	2	3
77309411358	222	2	3
77309411354	310	2	3
77309411353	340	2	3
77309411352	408	2	3
77309411351	409	2	3
77309411350	473	2	3
77309411349	504	2	3
77309411348	550	2	3
77309411347	573	2	3
77309411346	577	2	3
75161927742	18	2	3
75161927741	16	2	3
75161927740	28	2	3
75161927739	29	2	3
75161927738	45	2	3
75161927734	33	2	3
75161927731	55	2	3
75161927726	84	2	3
75161927708	463	2	3
75161927705	533	2	3
75161927704	718	2	3
75161927703	604	2	3
75161927702	825	2	3
75161927701	692	2	3
75161927700	976	2	3
73014444094	19	2	3
73014444090	28	2	3
73014444087	20	2	3
73014444084	42	2	3
73014444082	50	2	3
73014444079	41	2	3
73014444078	56	2	3
73014444077	58	2	3
73014444064	172	2	3
73014444062	215	2	3
73014444060	235	2	3
73014444058	299	2	3
73014444057	322	2	3
73014444056	360	2	3
73014444055	378	2	3
73014444054	444	2	3
73014444052	462	2	3
70866960448	17	2	3
70866960447	16	2	3
70866960445	26	2	3
70866960436	50	2	3
70866960432	74	2	3
70866960431	55	2	3
70866960430	96	2	3
70866960414	375	2	3
70866960410	529	2	3
70866960409	448	2	3
70866960408	624	2	3
70866960407	550	2	3
70866960406	752	2	3
70866960405	580	2	3
70866960402	996	2	3
68719476799	15	2	3
68719476790	32	2	3
68719476789	22	2	3
68719476787	23	2	3
68719476786	26	2	3
68719476785	29	2	3
68719476784	48	2	3
68719476782	48	2	3
68719476766	202	2	3
68719476763	236	2	3
68719476762	297	2	3
68719476761	283	2	3
68719476760	358	2	3
68719476759	354	2	3
68719476758	404	2	3
68719476757	400	2	3
68719476756	497	2	3
68719476755	478	2	3
68719476753	507	2	3
68719476751	629	2	3
66571993152	26	2	3
66571993151	25	2	3
66571993139	24	2	3
66571993136	60	2	3
66571993134	68	2	3
66571993128	159	2	3
66571993123	192	2	3
66571993119	192	2	3
66571993118	349	2	3
66571993116	418	2	3
66571993114	498	2	3
66571993112	572	2	3
66571993110	670	2	3
66571993109	579	2	3
66571993106	899	2	3
64424509506	16	2	3
64424509501	19	2	3
64424509500	23	2	3
64424509497	18	2	3
64424509495	24	2	3
64424509492	33	2	3
64424509480	103	2	3
64424509469	214	2	3
64424509467	222	2	3
64424509463	334	2	3
64424509459	472	2	3
64424509458	632	2	3
64424509457	561	2	3
64424509455	665	2	3
62277025860	15	2	3
62277025859	18	2	3
62277025854	19	2	3
62277025849	22	2	3
62277025847	28	2	3
62277025846	20	2	3
62277025842	41	2	3
62277025826	173	2	3
62277025825	165	2	3
62277025824	219	2	3
62277025823	200	2	3
62277025822	273	2	3
62277025821	226	2	3
62277025820	297	2	3
62277025818	368	2	3
62277025817	309	2	3
62277025816	420	2	3
62277025815	378	2	3
62277025814	511	2	3
62277025812	564	2	3
62277025811	529	2	3
62277025810	706	2	3
62277025809	701	2	3
60129542211	19	2	3
60129542198	39	2	3
60129542197	30	2	3
60129542178	152	2	3
60129542176	191	2	3
60129542175	173	2	3
60129542174	208	2	3
60129542171	251	2	3
60129542170	280	2	3
60129542169	308	2	3
60129542168	360	2	3
60129542167	376	2	3
60129542166	438	2	3
60129542165	424	2	3
60129542163	515	2	3
60129542162	694	2	3
60129542161	632	2	3
60129542159	772	2	3
57982058565	20	2	3
57982058561	17	2	3
57982058560	34	2	3
57982058559	19	2	3
57982058558	18	2	3
57982058557	26	2	3
57982058555	22	2	3
57982058548	63	2	3
57982058532	211	2	3
57982058531	153	2	3
57982058529	256	2	3
57982058528	303	2	3
57982058526	324	2	3
57982058525	322	2	3
57982058524	401	2	3
57982058523	356	2	3
57982058520	566	2	3
57982058519	527	2	3
57982058518	655	2	3
57982058517	636	2	3
57982058516	807	2	3
57982058514	966	2	3
57982058513	1014	2	3
57982058512	1150	2	3
55834574914	20	2	3
55834574913	17	2	3
55834574910	27	2	3
55834574907	17	2	3
55834574905	29	2	3
55834574903	30	2	3
55834574879	166	2	3
55834574877	193	2	3
55834574876	224	2	3
55834574875	239	2	3
55834574874	294	2	3
55834574873	294	2	3
55834574872	356	2	3
55834574871	331	2	3
55834574869	398	2	3
55834574868	570	2	3
55834574867	525	2	3
55834574866	657	2	3
55834574863	740	2	3
53687091272	15	2	3
53687091271	18	2	3
53687091264	15	2	3
53687091259	20	2	3
53687091255	33	2	3
53687091254	47	2	3
53687091234	259	2	3
53687091233	238	2	3
53687091232	271	2	3
53687091231	292	2	3
53687091229	311	2	3
53687091228	411	2	3
53687091227	373	2	3
53687091226	458	2	3
53687091225	437	2	3
53687091223	556	2	3
53687091220	799	2	3
53687091219	837	2	3
51539607625	15	2	3
51539607619	16	2	3
51539607618	25	2	3
51539607617	15	2	3
51539607615	19	2	3
51539607614	23	2	3
51539607611	22	2	3
51539607610	30	2	3
51539607609	33	2	3
51539607608	44	2	3
51539607607	40	2	3
51539607605	41	2	3
49392123977	15	2	3
49392123970	16	2	3
49392123965	21	2	3
49392123964	15	2	3
49392123963	21	2	3
49392123961	27	2	3
49392123958	27	2	3
49392123957	36	2	3
47244640326	19	2	3
47244640323	15	2	3
47244640322	19	2	3
47244640320	16	2	3
47244640314	32	2	3
47244640313	25	2	3
47244640287	104	2	3
47244640284	162	2	3
47244640283	139	2	3
45097156681	19	2	3
45097156677	16	2	3
45097156675	16	2	3
45097156674	15	2	3
45097156671	15	2	3
45097156669	24	2	3
45097156667	30	2	3
45097156662	33	2	3
45097156638	134	2	3
45097156636	153	2	3
45097156631	322	2	3
42949673038	16	2	3
42949673035	16	2	3
42949673031	18	2	3
42949673027	15	2	3
42949673024	18	2	3
42949673013	28	2	3
42949673009	32	2	3
42949672993	74	2	3
42949672990	88	2	3
42949672989	87	2	3
42949672987	110	2	3
42949672986	147	2	3
42949672985	132	2	3
42949672984	191	2	3
42949672982	202	2	3
42949672981	197	2	3
40802189388	18	2	3
40802189381	17	2	3
40802189380	16	2	3
40802189378	19	2	3
40802189377	20	2	3
40802189376	23	2	3
40802189375	15	2	3
40802189374	23	2	3
40802189373	18	2	3
40802189370	21	2	3
40802189369	18	2	3
40802189366	28	2	3
40802189336	276	2	3
40802189335	286	2	3
40802189334	340	2	3
40802189332	418	2	3
40802189330	499	2	3
38654705744	17	2	3
38654705729	19	2	3
38654705726	23	2	3
38654705725	23	2	3
38654705724	19	2	3
38654705723	16	2	3
38654705720	30	2	3
38654705719	18	2	3
38654705696	120	2	3
38654705693	123	2	3
38654705692	174	2	3
38654705691	174	2	3
38654705690	224	2	3
38654705689	196	2	3
38654705687	244	2	3
38654705685	286	2	3
38654705683	342	2	3
38654705681	422	2	3
36507222097	19	2	3
36507222095	15	2	3
36507222086	16	2	3
36507222073	15	2	3
36507222064	27	2	3
36507222049	68	2	3
36507222048	65	2	3
36507222047	87	2	3
36507222046	85	2	3
36507222045	101	2	3
36507222044	103	2	3
36507222043	138	2	3
36507222042	129	2	3
36507222041	122	2	3
36507222040	166	2	3
36507222038	198	2	3
36507222036	226	2	3
36507222034	292	2	3
34359738450	18	2	3
34359738448	15	2	3
34359738445	15	2	3
34359738431	20	2	3
34359738430	16	2	3
34359738429	17	2	3
34359738427	20	2	3
34359738425	17	2	3
34359738419	60	2	3
34359738399	104	2	3
34359738398	160	2	3
34359738397	124	2	3
34359738395	145	2	3
34359738393	189	2	3
34359738391	222	2	3
34359738389	255	2	3
34359738387	333	2	3
32212254803	22	2	3
32212254798	15	2	3
32212254784	17	2	3
32212254782	15	2	3
32212254781	18	2	3
32212254780	17	2	3
32212254779	16	2	3
32212254778	19	2	3
32212254776	17	2	3
32212254774	24	2	3
32212254765	123	2	3
32212254755	66	2	3
32212254753	77	2	3
32212254752	73	2	3
32212254751	119	2	3
32212254750	105	2	3
32212254749	148	2	3
32212254748	109	2	3
32212254747	131	2	3
32212254746	150	2	3
32212254744	174	2	3
32212254742	195	2	3
32212254740	223	2	3
30064771154	16	2	3
30064771137	19	2	3
30064771135	20	2	3
30064771132	21	2	3
30064771131	18	2	3
30064771127	28	2	3
30064771123	22	2	3
30064771117	33	2	3
30064771115	39	2	3
30064771106	74	2	3
30064771105	64	2	3
30064771104	89	2	3
30064771103	75	2	3
30064771102	108	2	3
30064771101	96	2	3
30064771100	126	2	3
30064771099	112	2	3
30064771097	142	2	3
30064771095	133	2	3
30064771093	181	2	3
27917287509	17	2	3
27917287508	15	2	3
27917287491	17	2	3
27917287490	17	2	3
27917287487	23	2	3
27917287484	20	2	3
27917287480	32	2	3
27917287479	36	2	3
27917287476	28	2	3
27917287459	68	2	3
27917287458	68	2	3
27917287457	93	2	3
27917287456	80	2	3
27917287455	116	2	3
27917287454	105	2	3
27917287453	120	2	3
27917287452	127	2	3
27917287450	166	2	3
27917287448	175	2	3
27917287446	238	2	3
25769803862	15	2	3
25769803861	15	2	3
25769803860	17	2	3
25769803848	15	2	3
25769803846	18	2	3
25769803843	15	2	3
25769803842	19	2	3
25769803839	16	2	3
25769803837	18	2	3
25769803827	25	2	3
25769803823	22	2	3
25769803819	60	2	3
25769803817	59	2	3
25769803815	63	2	3
25769803812	61	2	3
25769803811	41	2	3
25769803810	67	2	3
25769803809	47	2	3
25769803808	83	2	3
25769803807	59	2	3
25769803806	93	2	3
25769803805	74	2	3
25769803803	90	2	3
25769803801	98	2	3
25769803799	133	2	3
23622320215	16	2	3
23622320214	15	2	3
23622320195	15	2	3
23622320194	16	2	3
23622320193	16	2	3
23622320192	15	2	3
23622320190	16	2	3
23622320189	16	2	3
23622320188	18	2	3
23622320187	25	2	3
23622320176	23	2	3
23622320168	76	2	3
23622320165	60	2	3
23622320164	58	2	3
23622320163	83	2	3
23622320162	71	2	3
23622320159	100	2	3
23622320158	112	2	3
23622320156	122	2	3
23622320154	133	2	3
23622320152	189	2	3
21474836550	16	2	3
21474836539	24	2	3
21474836518	80	2	3
21474836516	78	2	3
21474836511	87	2	3
21474836509	114	2	3
21474836507	135	2	3
21474836503	187	2	3
19327352921	17	2	3
19327352920	19	2	3
19327352919	16	2	3
19327352910	16	2	3
19327352907	15	2	3
19327352901	19	2	3
19327352896	20	2	3
19327352894	22	2	3
19327352892	25	2	3
19327352891	40	2	3
19327352888	24	2	3
19327352887	33	2	3
19327352869	81	2	3
19327352865	100	2	3
19327352864	101	2	3
19327352862	132	2	3
19327352860	151	2	3
19327352858	184	2	3
19327352856	199	2	3
17179869274	16	2	3
17179869273	20	2	3
17179869272	17	2	3
17179869260	16	2	3
17179869256	15	2	3
17179869253	15	2	3
17179869252	20	2	3
17179869251	19	2	3
17179869250	31	2	3
17179869249	20	2	3
17179869225	39	2	3
17179869222	61	2	3
17179869221	61	2	3
17179869217	73	2	3
17179869215	87	2	3
17179869213	99	2	3
17179869211	119	2	3
15032385627	15	2	3
15032385625	15	2	3
15032385624	15	2	3
15032385622	15	2	3
15032385607	16	2	3
15032385604	16	2	3
15032385602	19	2	3
15032385597	17	2	3
15032385596	16	2	3
15032385594	18	2	3
15032385593	49	2	3
15032385586	36	2	3
15032385579	44	2	3
15032385578	45	2	3
15032385570	76	2	3
15032385568	93	2	3
15032385564	116	2	3
12884901980	20	2	3
12884901979	26	2	3
12884901977	19	2	3
12884901976	20	2	3
12884901973	15	2	3
12884901970	15	2	3
12884901969	15	2	3
12884901966	15	2	3
12884901960	16	2	3
12884901958	17	2	3
12884901953	16	2	3
12884901952	28	2	3
12884901947	17	2	3
12884901945	18	2	3
12884901927	30	2	3
12884901923	33	2	3
12884901921	42	2	3
12884901919	52	2	3
12884901917	69	2	3
12884901915	73	2	3
10737418332	22	2	3
10737418330	20	2	3
10737418329	16	2	3
10737418323	15	2	3
10737418322	18	2	3
10737418313	17	2	3
10737418311	16	2	3
10737418308	15	2	3
10737418306	16	2	3
10737418305	20	2	3
10737418304	19	2	3
10737418303	16	2	3
10737418300	15	2	3
10737418298	18	2	3
10737418294	18	2	3
10737418281	33	2	3
10737418277	36	2	3
10737418274	46	2	3
10737418272	56	2	3
10737418270	74	2	3
10737418268	79	2	3
8589934686	29	2	3
8589934685	22	2	3
8589934682	25	2	3
8589934676	16	2	3
8589934675	17	2	3
8589934672	17	2	3
8589934666	16	2	3
8589934663	18	2	3
8589934662	21	2	3
8589934661	19	2	3
8589934659	19	2	3
8589934657	19	2	3
8589934655	23	2	3
8589934653	19	2	3
8589934652	49	2	3
8589934651	17	2	3
8589934645	20	2	3
8589934630	47	2	3
8589934627	55	2	3
8589934625	69	2	3
8589934623	87	2	3
6442451039	33	2	3
6442451038	23	2	3
6442451035	25	2	3
6442451029	16	2	3
6442451028	15	2	3
6442451027	15	2	3
6442451017	17	2	3
6442451016	16	2	3
6442451015	18	2	3
6442451014	17	2	3
6442451013	21	2	3
6442451012	17	2	3
6442451010	19	2	3
6442451009	20	2	3
6442451008	21	2	3
6442451006	19	2	3
6442451005	25	2	3
6442451002	15	2	3
6442451000	16	2	3
6442450998	19	2	3
6442450983	40	2	3
6442450982	45	2	3
6442450980	58	2	3
6442450978	74	2	3
4294967391	19	2	3
4294967389	18	2	3
4294967387	19	2	3
4294967386	15	2	3
4294967385	16	2	3
4294967381	16	2	3
4294967380	19	2	3
4294967378	17	2	3
4294967377	15	2	3
4294967374	19	2	3
4294967373	15	2	3
4294967372	20	2	3
4294967369	18	2	3
4294967366	20	2	3
4294967363	18	2	3
4294967360	25	2	3
4294967352	33	2	3
4294967351	24	2	3
4294967349	18	2	3
4294967342	78	2	3
4294967331	65	2	3
4294967329	67	2	3
4294967327	71	2	3
2147483744	18	2	3
2147483738	18	2	3
2147483731	15	2	3
2147483728	15	2	3
2147483727	18	2	3
2147483725	17	2	3
2147483723	19	2	3
2147483722	17	2	3
2147483721	17	2	3
2147483718	18	2	3
2147483717	18	2	3
2147483716	16	2	3
2147483715	17	2	3
2147483714	20	2	3
2147483713	21	2	3
2147483710	15	2	3
2147483709	26	2	3
2147483707	32	2	3
2147483705	38	2	3
2147483703	35	2	3
2147483702	22	2	3
2147483700	31	2	3
2147483684	59	2	3
2147483683	68	2	3
2147483682	68	2	3
2147483681	86	2	3
2147483680	77	2	3
2147483679	118	2	3
2147483672	171	2	3
2147483671	181	2	3
2147483670	221	2	3
2147483669	189	2	3
2147483668	198	2	3
2147483667	218	2	3
2147483666	212	2	3
2147483665	274	2	3
2147483664	283	2	3
186831077381	1300	2	6
186831077380	1528	2	6
186831077379	1800	2	6
186831077378	2090	2	6
184683593731	1309	2	6
184683593729	1775	2	6
182536110085	1425	2	6
182536110084	1421	2	6
182536110082	2016	2	6
180388626435	1597	2	6
180388626433	1887	2	6
178241142790	1472	2	6
178241142789	1445	2	6
178241142788	1871	2	6
178241142787	1900	2	6
178241142786	2783	2	6
176093659141	1138	2	6
176093659139	1451	2	6
173946175496	1334	2	6
173946175495	1159	2	6
173946175494	1631	2	6
173946175493	1437	2	6
173946175492	2189	2	6
173946175491	2105	2	6
169651208200	1412	2	6
169651208198	1748	2	6
169651208197	1742	2	6
169651208196	2662	2	6
169651208195	1847	2	6
169651208193	3032	2	6
167503724547	1897	2	6
165356240904	1391	2	6
165356240902	2176	2	6
165356240900	2737	2	6
163208757251	1989	2	6
163208757249	2562	2	6
161061273606	2418	2	6
161061273605	1756	2	6
161061273603	2547	2	6
158913789953	2340	2	6
156766306312	1993	2	6
156766306310	2564	2	6
156766306307	2621	2	6
152471339011	2346	2	6
150323855361	2624	2	6
143881404419	2918	2	6
141733920771	2829	2	6
139586437125	2559	2	6
137438953475	2993	2	6
133143986177	2473	2	6
126701535235	2451	2	6
38654705710	156	2	6
6442450945	3006	2	6
204010946561	3073	2	0
199715979265	3251	2	0
195421011969	3341	2	0
191126044673	3083	2	0
182536110081	3377	2	0
178241142785	3554	2	0
173946175490	3447	2	0
169651208194	3461	2	0
165356240898	3750	2	0
165356240897	3525	2	0
163208757250	3125	2	0
161061273604	3128	2	0
161061273602	4237	2	0
161061273601	3680	2	0
156766306308	3399	2	0
156766306306	4118	2	0
156766306305	3088	2	0
154618822657	3480	2	0
152471339012	3491	2	0
152471339010	4186	2	0
152471339009	4872	2	0
150323855362	3074	2	0
148176371716	3529	2	0
148176371715	3694	2	0
148176371714	4318	2	0
148176371713	3937	2	0
146028888066	3495	2	0
146028888065	3193	2	0
143881404421	3220	2	0
143881404420	3733	2	0
143881404418	4708	2	0
143881404417	4308	2	0
141733920770	4038	2	0
141733920769	3356	2	0
139586437126	3205	2	0
139586437124	4013	2	0
139586437123	3463	2	0
139586437122	4835	2	0
139586437121	4593	2	0
137438953476	3281	2	0
137438953474	4042	2	0
137438953473	3559	2	0
135291469830	3429	2	0
135291469828	4102	2	0
135291469827	3481	2	0
135291469826	4878	2	0
135291469825	4672	2	0
130996502534	3668	2	0
130996502533	3217	2	0
130996502532	4369	2	0
130996502531	3840	2	0
130996502530	5129	2	0
130996502529	3244	2	0
128849018884	3621	2	0
128849018881	3485	2	0
126701535238	3542	2	0
126701535237	3167	2	0
126701535236	4178	2	0
126701535234	4829	2	0
126701535233	4776	2	0
124554051586	4227	2	0
124554051585	3379	2	0
122406567942	3519	2	0
122406567940	4211	2	0
122406567939	3810	2	0
122406567938	5128	2	0
122406567937	4695	2	0
120259084292	3783	2	0
120259084291	3305	2	0
120259084290	4271	2	0
120259084289	3865	2	0
118111600646	3528	2	0
118111600645	3396	2	0
118111600644	4398	2	0
118111600643	3589	2	0
118111600642	5085	2	0
118111600641	5110	2	0
115964116996	3466	2	0
115964116994	4353	2	0
115964116993	3688	2	0
113816633350	3775	2	0
113816633349	3076	2	0
113816633348	4274	2	0
113816633347	3940	2	0
113816633346	5162	2	0
113816633345	4867	2	0
111669149700	3883	2	0
111669149699	3375	2	0
111669149698	4301	2	0
111669149697	3900	2	0
109521666056	3271	2	0
109521666054	3803	2	0
109521666053	3476	2	0
109521666052	4464	2	0
109521666051	3638	2	0
109521666050	5162	2	0
109521666049	5119	2	0
107374182406	3173	2	0
107374182404	3493	2	0
107374182403	3342	2	0
107374182402	4566	2	0
107374182401	3703	2	0
105226698760	3128	2	0
105226698758	3728	2	0
105226698756	4196	2	0
105226698755	3604	2	0
105226698754	4690	2	0
105226698753	4617	2	0
103079215108	3805	2	0
103079215106	4364	2	0
103079215105	3336	2	0
100931731464	3083	2	0
100931731462	3462	2	0
100931731461	3285	2	0
100931731460	3899	2	0
100931731459	3684	2	0
100931731458	4326	2	0
100931731457	4901	2	0
98784247812	3686	2	0
98784247810	4593	2	0
98784247809	3812	2	0
96636764166	3201	2	0
96636764165	3185	2	0
96636764164	3607	2	0
96636764163	3760	2	0
96636764162	4773	2	0
96636764161	4947	2	0
94489280518	3143	2	0
94489280516	3921	2	0
94489280515	3387	2	0
94489280514	5234	2	0
94489280513	4054	2	0
92341796870	3238	2	0
92341796869	3292	2	0
92341796868	4034	2	0
92341796867	4069	2	0
92341796866	4753	2	0
92341796865	5497	2	0
90194313220	3657	2	0
90194313218	4232	2	0
90194313217	3184	2	0
88046829574	3318	2	0
88046829573	3416	2	0
88046829572	3964	2	0
88046829571	4063	2	0
88046829570	4575	2	0
88046829569	4761	2	0
83751862278	3161	2	0
83751862277	3386	2	0
83751862276	3852	2	0
83751862275	3211	2	0
83751862274	4597	2	0
83751862273	3742	2	0
81604378626	3101	2	0
79456894982	3155	2	0
79456894980	3855	2	0
79456894978	4650	2	0
79456894977	3844	2	0
77309411330	3465	2	0
75161927686	3250	2	0
75161927684	3869	2	0
75161927682	4847	2	0
75161927681	4074	2	0
73014444034	3291	2	0
70866960388	3601	2	0
70866960386	4475	2	0
70866960385	4295	2	0
68719476738	3214	2	0
66571993092	3252	2	0
66571993090	4201	2	0
66571993089	4173	2	0
64424509442	3218	2	0
62277025794	3082	2	0
62277025793	4064	2	0
60129542146	3232	2	0
57982058500	3396	2	0
57982058498	3175	2	0
57982058497	3809	2	0
53687091202	4053	2	0
53687091201	3602	2	0
49392123905	3797	2	0
45097156609	3418	2	0
40802189313	3717	2	0
36507222017	3845	2	0
34359738370	3232	2	0
32212254721	3503	2	0
27917287425	3717	2	0
23622320129	3387	2	0
19327352833	3307	2	0
15032385537	3584	2	0
10737418241	3269	2	0
