4294967297
4294967342
6442450945
6442450989
6442450991
8589934635
12884901889
15032385537
15032385541
15032385577
17179869189
23622320129
25769803777
100931731457
103079215106
107374182404
113816633345
113816633347
115964116994
115964116995
120259084291
122406567939
126701535235
128849018883
133143986179
135291469827
139586437123
139586437126
141733920771
146028888067
148176371715
152471339012
154618822660
161061273604
163208757252
169651208196
171798691843
171798691848
178241142789
188978561032
191126044676
199715979267
206158430212
206158430216
214748364808
216895848451
216895848456
216895848459
223338299397
225485783044
225485783048
234075717635
