152471339010
152471339009
279172874241
274877906947
268435456003
255550554118
251255586821
244813135875
197568495642
195421011975
195421011974
186831077405
182536110111
182536110086
178241142790
176093659175
176093659143
167503724552
165356240904
161061273651
156766306359
152471339012
150323855418
146028888126
146028888066
143881404479
133143986181
133143986177
259845521413
180388626468
161061273647
261993005057
259845521409
257698037761
255550554113
249108103169
208305913857
197568495617
195421011969
193273528322
193273528321
184683593729
182536110081
180388626433
176093659137
