193273528321
176093659144
169651208203
163208757262
156766306321
154618822675
154618822672
154618822666
152471339027
150323855380
150323855377
146028888087
143881404439
143881404436
139586437146
137438953498
137438953495
135291469852
133143986205
130996502557
130996502554
128849018912
128849018911
128849018909
128849018908
128849018905
128849018902
128849018896
128849018893
124554051616
124554051613
122406567969
120259084322
118111600675
115964117028
115964117025
113816633381
111669149734
109521666088
109521666087
107374182440
105226698793
103079215146
100931731499
98784247852
96636764205
94489280559
92341796911
90194313264
88046829617
88046829614
85899345970
85899345967
83751862323
83751862320
81604378676
81604378673
79456895030
79456895029
79456895026
77309411382
77309411379
75161927735
73014444088
70866960442
70866960441
68719476795
68719476794
66571993148
66571993147
66571993144
64424509501
64424509500
64424509497
62277025854
62277025853
62277025850
60129542207
60129542206
60129542203
60129542198
57982058561
57982058560
57982058559
57982058557
57982058556
57982058554
57982058551
57982058548
57982058545
57982058542
55834574914
55834574913
55834574912
55834574911
55834574910
55834574909
55834574908
55834574907
55834574906
55834574905
55834574904
55834574903
55834574902
55834574901
55834574900
55834574899
55834574895
55834574892
53687091267
53687091266
53687091265
53687091264
53687091263
53687091262
53687091260
53687091257
53687091254
53687091251
53687091248
53687091245
51539607620
51539607619
51539607618
51539607616
51539607615
51539607610
51539607607
51539607604
51539607601
51539607598
49392123973
49392123972
49392123971
49392123970
49392123969
49392123968
49392123966
49392123963
49392123960
49392123957
49392123954
49392123951
47244640326
47244640325
47244640324
47244640323
47244640322
47244640321
47244640319
47244640316
47244640313
47244640310
47244640307
47244640304
45097156679
45097156678
45097156677
45097156676
45097156675
45097156674
45097156673
45097156672
45097156671
45097156670
45097156669
45097156666
45097156663
45097156660
45097156657
42949673032
42949673031
42949673030
42949673028
42949673027
42949673026
42949673025
42949673024
42949673022
42949673021
42949673019
42949673018
42949673016
42949673013
42949673010
40802189384
40802189383
40802189381
40802189380
40802189379
40802189378
40802189376
40802189375
40802189372
40802189371
40802189369
40802189368
40802189367
40802189366
40802189364
40802189363
38654705737
38654705736
38654705734
38654705733
38654705730
38654705728
38654705725
38654705722
38654705719
38654705716
36507222091
36507222090
36507222089
36507222088
36507222087
36507222086
36507222085
36507222084
36507222082
36507222081
36507222080
36507222078
36507222077
36507222075
36507222072
36507222069
34359738444
34359738443
34359738442
34359738441
34359738440
34359738439
34359738438
34359738437
34359738436
34359738435
34359738434
34359738431
34359738430
34359738428
34359738426
34359738425
34359738424
34359738422
32212254797
32212254796
32212254795
32212254794
32212254793
32212254792
32212254790
32212254788
32212254787
32212254784
32212254781
32212254780
32212254778
32212254777
32212254775
30064771150
30064771149
30064771148
30064771147
30064771146
30064771145
30064771144
30064771142
30064771140
30064771137
30064771135
30064771134
30064771131
30064771128
27917287503
27917287502
27917287501
27917287500
27917287499
27917287498
27917287497
27917287496
27917287495
27917287493
27917287490
27917287488
27917287487
27917287485
27917287484
27917287481
25769803856
25769803855
25769803854
25769803852
25769803851
25769803850
25769803849
25769803848
25769803846
25769803843
25769803841
25769803840
25769803839
25769803837
25769803836
25769803834
25769803825
23622320208
23622320207
23622320205
23622320204
23622320202
23622320201
23622320199
23622320196
23622320195
23622320194
23622320193
23622320190
23622320187
21474836562
21474836561
21474836560
21474836559
21474836558
21474836557
21474836556
21474836555
21474836554
21474836553
21474836552
21474836551
21474836550
21474836549
21474836548
21474836547
21474836546
21474836545
21474836544
21474836543
21474836541
21474836540
19327352914
19327352913
19327352911
19327352910
19327352909
19327352908
19327352907
19327352906
19327352905
19327352903
19327352902
19327352901
19327352900
19327352899
19327352898
19327352897
19327352896
19327352893
19327352890
17179869268
17179869267
17179869266
17179869265
17179869264
17179869263
17179869262
17179869261
17179869260
17179869259
17179869258
17179869256
17179869255
17179869254
17179869253
17179869252
17179869251
17179869250
17179869249
17179869247
17179869246
17179869237
15032385621
15032385620
15032385619
15032385618
15032385617
15032385616
15032385615
15032385614
15032385613
15032385612
15032385611
15032385608
15032385607
15032385605
15032385604
15032385603
15032385602
15032385599
12884901974
12884901973
12884901972
12884901971
12884901970
12884901969
12884901968
12884901967
12884901966
12884901965
12884901964
12884901963
12884901961
12884901960
12884901959
12884901958
12884901957
12884901956
12884901955
12884901952
10737418327
10737418326
10737418325
10737418324
10737418323
10737418322
10737418321
10737418320
10737418319
10737418318
10737418317
10737418316
10737418315
10737418314
10737418313
10737418312
10737418311
10737418309
10737418308
10737418305
8589934680
8589934679
8589934678
8589934677
8589934676
8589934675
8589934674
8589934673
8589934672
8589934671
8589934670
8589934669
8589934668
8589934667
8589934666
8589934665
8589934664
8589934663
8589934662
8589934661
8589934660
8589934658
8589934649
6442451033
6442451032
6442451031
6442451030
6442451029
6442451028
6442451027
6442451026
6442451025
6442451024
6442451023
6442451022
6442451020
6442451019
6442451018
6442451017
6442451016
6442451015
6442451014
6442451013
6442451012
6442451011
6442451008
6442451002
4294967386
4294967385
4294967384
4294967383
4294967382
4294967381
4294967380
4294967379
4294967378
4294967377
4294967376
4294967375
4294967374
4294967373
4294967372
4294967371
4294967370
4294967369
4294967368
4294967367
4294967366
4294967364
4294967361
4294967355
2147483739
2147483738
2147483737
2147483736
2147483735
2147483734
2147483733
2147483732
2147483731
2147483730
2147483729
2147483728
2147483727
2147483726
2147483724
2147483723
2147483722
2147483721
2147483720
2147483719
2147483717
2147483715
2147483714
2147483708
105226698753
92341796866
40802189313
79456894977
12884901889
10737418241
103079215105
96636764161
88046829569
8589934593
19327352833
98784247809
45097156609
