pair_id	rows	cols	config
193273528321	0	2	0
176093659144	0	2	0
169651208203	0	2	0
163208757262	0	2	0
156766306321	0	2	0
154618822675	0	2	0
154618822672	0	2	0
154618822666	0	2	0
152471339027	0	2	0
150323855380	0	2	0
150323855377	0	2	0
146028888087	0	2	0
143881404439	0	2	0
143881404436	0	2	0
139586437146	0	2	0
137438953498	0	2	0
137438953495	0	2	0
135291469852	0	2	0
133143986205	0	2	0
130996502557	0	2	0
130996502554	0	2	0
128849018912	0	2	0
128849018911	0	2	0
128849018909	0	2	0
128849018908	0	2	0
128849018905	0	2	0
128849018902	0	2	0
128849018896	0	2	0
128849018893	0	2	0
124554051616	0	2	0
124554051613	0	2	0
122406567969	0	2	0
120259084322	0	2	0
118111600675	0	2	0
115964117028	0	2	0
115964117025	0	2	0
113816633381	0	2	0
111669149734	0	2	0
109521666088	0	2	0
109521666087	0	2	0
107374182440	0	2	0
105226698793	0	2	0
103079215146	0	2	0
100931731499	0	2	0
98784247852	0	2	0
96636764205	0	2	0
94489280559	0	2	0
92341796911	0	2	0
90194313264	0	2	0
88046829617	0	2	0
88046829614	0	2	0
85899345970	0	2	0
85899345967	0	2	0
83751862323	0	2	0
83751862320	0	2	0
81604378676	0	2	0
81604378673	0	2	0
79456895030	0	2	0
79456895029	0	2	0
79456895026	0	2	0
77309411382	0	2	0
77309411379	0	2	0
75161927735	0	2	0
73014444088	0	2	0
70866960442	0	2	0
70866960441	0	2	0
68719476795	0	2	0
68719476794	0	2	0
66571993148	0	2	0
66571993147	0	2	0
66571993144	0	2	0
64424509501	0	2	0
64424509500	0	2	0
64424509497	0	2	0
62277025854	0	2	0
62277025853	0	2	0
62277025850	0	2	0
60129542207	0	2	0
60129542206	0	2	0
60129542203	0	2	0
60129542198	0	2	0
57982058561	0	2	0
57982058560	0	2	0
57982058559	0	2	0
57982058557	0	2	0
57982058556	0	2	0
57982058554	0	2	0
57982058551	0	2	0
57982058548	0	2	0
57982058545	0	2	0
57982058542	0	2	0
55834574914	0	2	0
55834574913	0	2	0
55834574912	0	2	0
55834574911	0	2	0
55834574910	0	2	0
55834574909	0	2	0
55834574908	0	2	0
55834574907	0	2	0
55834574906	0	2	0
55834574905	0	2	0
55834574904	0	2	0
55834574903	0	2	0
55834574902	0	2	0
55834574901	0	2	0
55834574900	0	2	0
55834574899	0	2	0
55834574895	0	2	0
55834574892	0	2	0
53687091267	0	2	0
53687091266	0	2	0
53687091265	0	2	0
53687091264	0	2	0
53687091263	0	2	0
53687091262	0	2	0
53687091260	0	2	0
53687091257	0	2	0
53687091254	0	2	0
53687091251	0	2	0
53687091248	0	2	0
53687091245	0	2	0
51539607620	0	2	0
51539607619	0	2	0
51539607618	0	2	0
51539607616	0	2	0
51539607615	0	2	0
51539607610	0	2	0
51539607607	0	2	0
51539607604	0	2	0
51539607601	0	2	0
51539607598	0	2	0
49392123973	0	2	0
49392123972	0	2	0
49392123971	0	2	0
49392123970	0	2	0
49392123969	0	2	0
49392123968	0	2	0
49392123966	0	2	0
49392123963	0	2	0
49392123960	0	2	0
49392123957	0	2	0
49392123954	0	2	0
49392123951	0	2	0
47244640326	0	2	0
47244640325	0	2	0
47244640324	0	2	0
47244640323	0	2	0
47244640322	0	2	0
47244640321	0	2	0
47244640319	0	2	0
47244640316	0	2	0
47244640313	0	2	0
47244640310	0	2	0
47244640307	0	2	0
47244640304	0	2	0
45097156679	0	2	0
45097156678	0	2	0
45097156677	0	2	0
45097156676	0	2	0
45097156675	0	2	0
45097156674	0	2	0
45097156673	0	2	0
45097156672	0	2	0
45097156671	0	2	0
45097156670	0	2	0
45097156669	0	2	0
45097156666	0	2	0
45097156663	0	2	0
45097156660	0	2	0
45097156657	0	2	0
42949673032	0	2	0
42949673031	0	2	0
42949673030	0	2	0
42949673028	0	2	0
42949673027	0	2	0
42949673026	0	2	0
42949673025	0	2	0
42949673024	0	2	0
42949673022	0	2	0
42949673021	0	2	0
42949673019	0	2	0
42949673018	0	2	0
42949673016	0	2	0
42949673013	0	2	0
42949673010	0	2	0
40802189384	0	2	0
40802189383	0	2	0
40802189381	0	2	0
40802189380	0	2	0
40802189379	0	2	0
40802189378	0	2	0
40802189376	0	2	0
40802189375	0	2	0
40802189372	0	2	0
40802189371	0	2	0
40802189369	0	2	0
40802189368	0	2	0
40802189367	0	2	0
40802189366	0	2	0
40802189364	0	2	0
40802189363	0	2	0
38654705737	0	2	0
38654705736	0	2	0
38654705734	0	2	0
38654705733	0	2	0
38654705730	0	2	0
38654705728	0	2	0
38654705725	0	2	0
38654705722	0	2	0
38654705719	0	2	0
38654705716	0	2	0
36507222091	0	2	0
36507222090	0	2	0
36507222089	0	2	0
36507222088	0	2	0
36507222087	0	2	0
36507222086	0	2	0
36507222085	0	2	0
36507222084	0	2	0
36507222082	0	2	0
36507222081	0	2	0
36507222080	0	2	0
36507222078	0	2	0
36507222077	0	2	0
36507222075	0	2	0
36507222072	0	2	0
36507222069	0	2	0
34359738444	0	2	0
34359738443	0	2	0
34359738442	0	2	0
34359738441	0	2	0
34359738440	0	2	0
34359738439	0	2	0
34359738438	0	2	0
34359738437	0	2	0
34359738436	0	2	0
34359738435	0	2	0
34359738434	0	2	0
34359738431	0	2	0
34359738430	0	2	0
34359738428	0	2	0
34359738426	0	2	0
34359738425	0	2	0
34359738424	0	2	0
34359738422	0	2	0
32212254797	0	2	0
32212254796	0	2	0
32212254795	0	2	0
32212254794	0	2	0
32212254793	0	2	0
32212254792	0	2	0
32212254790	0	2	0
32212254788	0	2	0
32212254787	0	2	0
32212254784	0	2	0
32212254781	0	2	0
32212254780	0	2	0
32212254778	0	2	0
32212254777	0	2	0
32212254775	0	2	0
30064771150	0	2	0
30064771149	0	2	0
30064771148	0	2	0
30064771147	0	2	0
30064771146	0	2	0
30064771145	0	2	0
30064771144	0	2	0
30064771142	0	2	0
30064771140	0	2	0
30064771137	0	2	0
30064771135	0	2	0
30064771134	0	2	0
30064771131	0	2	0
30064771128	0	2	0
27917287503	0	2	0
27917287502	0	2	0
27917287501	0	2	0
27917287500	0	2	0
27917287499	0	2	0
27917287498	0	2	0
27917287497	0	2	0
27917287496	0	2	0
27917287495	0	2	0
27917287493	0	2	0
27917287490	0	2	0
27917287488	0	2	0
27917287487	0	2	0
27917287485	0	2	0
27917287484	0	2	0
27917287481	0	2	0
25769803856	0	2	0
25769803855	0	2	0
25769803854	0	2	0
25769803852	0	2	0
25769803851	0	2	0
25769803850	0	2	0
25769803849	0	2	0
25769803848	0	2	0
25769803846	0	2	0
25769803843	0	2	0
25769803841	0	2	0
25769803840	0	2	0
25769803839	0	2	0
25769803837	0	2	0
25769803836	0	2	0
25769803834	0	2	0
25769803825	0	2	0
23622320208	0	2	0
23622320207	0	2	0
23622320205	0	2	0
23622320204	0	2	0
23622320202	0	2	0
23622320201	0	2	0
23622320199	0	2	0
23622320196	0	2	0
23622320195	0	2	0
23622320194	0	2	0
23622320193	0	2	0
23622320190	0	2	0
23622320187	0	2	0
21474836562	0	2	0
21474836561	0	2	0
21474836560	0	2	0
21474836559	0	2	0
21474836558	0	2	0
21474836557	0	2	0
21474836556	0	2	0
21474836555	0	2	0
21474836554	0	2	0
21474836553	0	2	0
21474836552	0	2	0
21474836551	0	2	0
21474836550	0	2	0
21474836549	0	2	0
21474836548	0	2	0
21474836547	0	2	0
21474836546	0	2	0
21474836545	0	2	0
21474836544	0	2	0
21474836543	0	2	0
21474836541	0	2	0
21474836540	0	2	0
19327352914	0	2	0
19327352913	0	2	0
19327352911	0	2	0
19327352910	0	2	0
19327352909	0	2	0
19327352908	0	2	0
19327352907	0	2	0
19327352906	0	2	0
19327352905	0	2	0
19327352903	0	2	0
19327352902	0	2	0
19327352901	0	2	0
19327352900	0	2	0
19327352899	0	2	0
19327352898	0	2	0
19327352897	0	2	0
19327352896	0	2	0
19327352893	0	2	0
19327352890	0	2	0
17179869268	0	2	0
17179869267	0	2	0
17179869266	0	2	0
17179869265	0	2	0
17179869264	0	2	0
17179869263	0	2	0
17179869262	0	2	0
17179869261	0	2	0
17179869260	0	2	0
17179869259	0	2	0
17179869258	0	2	0
17179869256	0	2	0
17179869255	0	2	0
17179869254	0	2	0
17179869253	0	2	0
17179869252	0	2	0
17179869251	0	2	0
17179869250	0	2	0
17179869249	0	2	0
17179869247	0	2	0
17179869246	0	2	0
17179869237	0	2	0
15032385621	0	2	0
15032385620	0	2	0
15032385619	0	2	0
15032385618	0	2	0
15032385617	0	2	0
15032385616	0	2	0
15032385615	0	2	0
15032385614	0	2	0
15032385613	0	2	0
15032385612	0	2	0
15032385611	0	2	0
15032385608	0	2	0
15032385607	0	2	0
15032385605	0	2	0
15032385604	0	2	0
15032385603	0	2	0
15032385602	0	2	0
15032385599	0	2	0
12884901974	0	2	0
12884901973	0	2	0
12884901972	0	2	0
12884901971	0	2	0
12884901970	0	2	0
12884901969	0	2	0
12884901968	0	2	0
12884901967	0	2	0
12884901966	0	2	0
12884901965	0	2	0
12884901964	0	2	0
12884901963	0	2	0
12884901961	0	2	0
12884901960	0	2	0
12884901959	0	2	0
12884901958	0	2	0
12884901957	0	2	0
12884901956	0	2	0
12884901955	0	2	0
12884901952	0	2	0
10737418327	0	2	0
10737418326	0	2	0
10737418325	0	2	0
10737418324	0	2	0
10737418323	0	2	0
10737418322	0	2	0
10737418321	0	2	0
10737418320	0	2	0
10737418319	0	2	0
10737418318	0	2	0
10737418317	0	2	0
10737418316	0	2	0
10737418315	0	2	0
10737418314	0	2	0
10737418313	0	2	0
10737418312	0	2	0
10737418311	0	2	0
10737418309	0	2	0
10737418308	0	2	0
10737418305	0	2	0
8589934680	0	2	0
8589934679	0	2	0
8589934678	0	2	0
8589934677	0	2	0
8589934676	0	2	0
8589934675	0	2	0
8589934674	0	2	0
8589934673	0	2	0
8589934672	0	2	0
8589934671	0	2	0
8589934670	0	2	0
8589934669	0	2	0
8589934668	0	2	0
8589934667	0	2	0
8589934666	0	2	0
8589934665	0	2	0
8589934664	0	2	0
8589934663	0	2	0
8589934662	0	2	0
8589934661	0	2	0
8589934660	0	2	0
8589934658	0	2	0
8589934649	0	2	0
6442451033	0	2	0
6442451032	0	2	0
6442451031	0	2	0
6442451030	0	2	0
6442451029	0	2	0
6442451028	0	2	0
6442451027	0	2	0
6442451026	0	2	0
6442451025	0	2	0
6442451024	0	2	0
6442451023	0	2	0
6442451022	0	2	0
6442451020	0	2	0
6442451019	0	2	0
6442451018	0	2	0
6442451017	0	2	0
6442451016	0	2	0
6442451015	0	2	0
6442451014	0	2	0
6442451013	0	2	0
6442451012	0	2	0
6442451011	0	2	0
6442451008	0	2	0
6442451002	0	2	0
4294967386	0	2	0
4294967385	0	2	0
4294967384	0	2	0
4294967383	0	2	0
4294967382	0	2	0
4294967381	0	2	0
4294967380	0	2	0
4294967379	0	2	0
4294967378	0	2	0
4294967377	0	2	0
4294967376	0	2	0
4294967375	0	2	0
4294967374	0	2	0
4294967373	0	2	0
4294967372	0	2	0
4294967371	0	2	0
4294967370	0	2	0
4294967369	0	2	0
4294967368	0	2	0
4294967367	0	2	0
4294967366	0	2	0
4294967364	0	2	0
4294967361	0	2	0
4294967355	0	2	0
2147483739	0	2	0
2147483738	0	2	0
2147483737	0	2	0
2147483736	0	2	0
2147483735	0	2	0
2147483734	0	2	0
2147483733	0	2	0
2147483732	0	2	0
2147483731	0	2	0
2147483730	0	2	0
2147483729	0	2	0
2147483728	0	2	0
2147483727	0	2	0
2147483726	0	2	0
2147483724	0	2	0
2147483723	0	2	0
2147483722	0	2	0
2147483721	0	2	0
2147483720	0	2	0
2147483719	0	2	0
2147483717	0	2	0
2147483715	0	2	0
2147483714	0	2	0
2147483708	0	2	0
139586437145	15	2	3
94489280558	15	2	3
77309411383	15	2	3
75161927736	15	2	3
75161927732	15	2	3
73014444085	15	2	3
70866960438	15	2	3
60129542192	15	2	3
60129542189	15	2	3
57982058558	15	2	3
53687091259	15	2	3
51539607617	15	2	3
51539607613	15	2	3
47244640317	15	2	3
40802189374	15	2	3
38654705738	15	2	3
38654705732	15	2	3
36507222083	15	2	3
34359738433	15	2	3
34359738432	15	2	3
34359738427	15	2	3
32212254791	15	2	3
32212254789	15	2	3
32212254783	15	2	3
32212254772	15	2	3
30064771143	15	2	3
30064771141	15	2	3
27917287489	15	2	3
25769803853	15	2	3
25769803842	15	2	3
25769803838	15	2	3
25769803835	15	2	3
23622320209	15	2	3
23622320203	15	2	3
23622320192	15	2	3
19327352912	15	2	3
15032385610	15	2	3
15032385609	15	2	3
15032385606	15	2	3
12884901962	15	2	3
4294967362	15	2	3
2147483725	15	2	3
2147483718	15	2	3
42949673014	15	2	2
21474836537	15	2	2
19327352894	15	2	2
12884901943	15	2	2
161061273615	16	2	3
154618822669	16	2	3
122406567970	16	2	3
111669149731	16	2	3
100931731496	16	2	3
73014444089	16	2	3
53687091258	16	2	3
49392123965	16	2	3
49392123964	16	2	3
45097156665	16	2	3
42949673029	16	2	3
42949673023	16	2	3
40802189382	16	2	3
38654705735	16	2	3
38654705731	16	2	3
38654705729	16	2	3
36507222076	16	2	3
32212254785	16	2	3
32212254782	16	2	3
32212254779	16	2	3
32212254776	16	2	3
30064771139	16	2	3
30064771138	16	2	3
30064771132	16	2	3
27917287492	16	2	3
27917287491	16	2	3
25769803847	16	2	3
23622320206	16	2	3
19327352915	16	2	3
19327352904	16	2	3
17179869257	16	2	3
15032385600	16	2	3
10737418307	16	2	3
8589934656	16	2	3
6442451021	16	2	3
4294967365	16	2	3
42949673017	16	2	2
38654705721	16	2	2
36507222073	16	2	2
23622320198	16	2	2
158913789968	17	2	3
148176371733	17	2	3
128849018910	17	2	3
60129542204	17	2	3
57982058549	17	2	3
55834574896	17	2	3
51539607611	17	2	3
47244640314	17	2	3
45097156668	17	2	3
45097156667	17	2	3
42949673020	17	2	3
42949673015	17	2	3
40802189385	17	2	3
40802189377	17	2	3
40802189370	17	2	3
38654705727	17	2	3
38654705724	17	2	3
38654705720	17	2	3
38654705718	17	2	3
36507222074	17	2	3
34359738429	17	2	3
34359738423	17	2	3
32212254786	17	2	3
30064771136	17	2	3
27917287494	17	2	3
27917287486	17	2	3
25769803845	17	2	3
23622320197	17	2	3
12884901949	17	2	3
10737418310	17	2	3
128849018899	17	2	2
120259084319	17	2	2
90194313261	17	2	2
47244640320	17	2	2
47244640318	17	2	2
40802189360	17	2	2
36507222071	17	2	2
30064771129	17	2	2
23622320191	17	2	2
6442451005	17	2	2
154618822676	18	2	3
94489280560	18	2	3
68719476791	18	2	3
57982058555	18	2	3
57982058552	18	2	3
55834574898	18	2	3
53687091249	18	2	3
51539607603	18	2	3
49392123967	18	2	3
42949673011	18	2	3
40802189373	18	2	3
30064771133	18	2	3
30064771130	18	2	3
25769803844	18	2	3
23622320200	18	2	3
23622320189	18	2	3
17179869243	18	2	3
15032385601	18	2	3
12884901953	18	2	3
10737418302	18	2	3
2147483713	18	2	3
154618822674	18	2	2
126701535263	18	2	2
45097156664	18	2	2
21474836542	18	2	2
10737418296	18	2	2
8589934655	18	2	2
130996502539	19	2	3
94489280550	19	2	3
92341796908	19	2	3
90194313265	19	2	3
60129542195	19	2	3
57982058553	19	2	3
53687091255	19	2	3
51539607612	19	2	3
49392123962	19	2	3
45097156662	19	2	3
38654705717	19	2	3
36507222070	19	2	3
30064771125	19	2	3
23622320188	19	2	3
12884901954	19	2	3
2147483712	19	2	3
2147483711	19	2	3
130996502547	19	2	2
107374182437	19	2	2
60129542208	19	2	2
60129542201	19	2	2
60129542196	19	2	2
57982058547	19	2	2
57982058539	19	2	2
49392123956	19	2	2
47244640312	19	2	2
38654705723	19	2	2
25769803831	19	2	2
21474836531	19	2	2
15032385590	19	2	2
6442451009	19	2	2
133143986204	20	2	3
53687091261	20	2	3
40802189365	20	2	3
38654705726	20	2	3
36507222079	20	2	3
27917287482	20	2	3
23622320184	20	2	3
19327352895	20	2	3
8589934659	20	2	3
4294967358	20	2	3
154618822673	20	2	2
94489280556	20	2	2
60129542186	20	2	2
51539607608	20	2	2
51539607599	20	2	2
49392123961	20	2	2
49392123955	20	2	2
49392123952	20	2	2
27917287472	20	2	2
25769803832	20	2	2
17179869248	20	2	2
2147483707	20	2	2
94489280555	21	2	3
62277025855	21	2	3
51539607614	21	2	3
34359738419	21	2	3
10737418306	21	2	3
152471339024	21	2	2
118111600676	21	2	2
96636764202	21	2	2
81604378677	21	2	2
62277025845	21	2	2
60129542200	21	2	2
57982058544	21	2	2
51539607609	21	2	2
47244640315	21	2	2
47244640308	21	2	2
42949673012	21	2	2
36507222060	21	2	2
30064771119	21	2	2
27917287483	21	2	2
25769803828	21	2	2
6442451010	21	2	2
2147483716	21	2	2
49392123959	22	2	3
45097156661	22	2	3
146028888086	22	2	2
94489280547	22	2	2
94489280544	22	2	2
60129542193	22	2	2
53687091246	22	2	2
47244640309	22	2	2
38654705713	22	2	2
38654705707	22	2	2
34359738413	22	2	2
32212254766	22	2	2
4294967360	22	2	2
4294967359	22	2	2
2147483709	22	2	2
60129542199	23	2	3
57982058550	23	2	3
154618822657	23	2	2
66571993145	23	2	2
66571993139	23	2	2
60129542205	23	2	2
57982058543	23	2	2
53687091256	23	2	2
53687091253	23	2	2
51539607606	23	2	2
51539607602	23	2	2
49392123958	23	2	2
40802189357	23	2	2
40802189354	23	2	2
23622320178	23	2	2
4294967363	23	2	2
64424509502	24	2	3
23622320181	24	2	3
154618822660	24	2	2
146028888084	24	2	2
83751862324	24	2	2
62277025843	24	2	2
55834574894	24	2	2
47244640311	24	2	2
45097156658	24	2	2
32212254773	24	2	2
141733920793	25	2	2
126701535264	25	2	2
68719476786	25	2	2
66571993136	25	2	2
64424509498	25	2	2
62277025851	25	2	2
60129542202	25	2	2
60129542190	25	2	2
53687091250	25	2	2
15032385596	25	2	2
98784247849	26	2	3
64424509492	26	2	3
171798691851	26	2	2
105226698790	26	2	2
88046829618	26	2	2
66571993149	26	2	2
60129542194	26	2	2
55834574897	26	2	2
53687091252	26	2	2
51539607605	26	2	2
42949673007	26	2	2
38654705710	26	2	2
25769803833	26	2	2
21474836534	26	2	2
12884901950	26	2	2
66571993146	27	2	3
64424509489	27	2	3
60129542197	27	2	3
109521666079	27	2	2
92341796912	27	2	2
85899345971	27	2	2
60129542191	27	2	2
36507222066	27	2	2
34359738416	27	2	2
32212254769	27	2	2
30064771122	27	2	2
19327352884	27	2	2
15032385597	27	2	2
12884901946	27	2	2
62277025839	28	2	3
139586437143	28	2	2
103079215143	28	2	2
66571993133	28	2	2
64424509499	28	2	2
57982058546	28	2	2
53687091236	28	2	2
45097156648	28	2	2
34359738420	28	2	2
10737418303	28	2	2
62277025842	29	2	3
128849018903	29	2	2
103079215147	29	2	2
88046829607	29	2	2
64424509490	29	2	2
64424509486	29	2	2
62277025852	29	2	2
62277025847	29	2	2
62277025840	29	2	2
62277025835	29	2	2
57982058540	29	2	2
42949673001	29	2	2
36507222063	29	2	2
6442451007	29	2	2
165356240910	30	2	3
133143986196	30	2	3
8589934652	30	2	3
154618822663	30	2	2
96636764206	30	2	2
79456895019	30	2	2
70866960443	30	2	2
62277025849	30	2	2
47244640295	30	2	2
42949673004	30	2	2
23622320185	30	2	2
19327352891	30	2	2
4294967356	30	2	2
2147483710	30	2	2
2147483705	30	2	2
156766306318	31	2	3
64424509483	31	2	3
19327352887	31	2	3
141733920792	31	2	2
135291469851	31	2	2
70866960433	31	2	2
68719476783	31	2	2
68719476780	31	2	2
66571993137	31	2	2
62277025837	31	2	2
62277025836	31	2	2
17179869240	31	2	2
15032385593	31	2	2
133143986202	32	2	3
109521666084	32	2	2
105226698794	32	2	2
73014444090	32	2	2
68719476792	32	2	2
66571993127	32	2	2
62277025844	32	2	2
34359738421	32	2	2
30064771126	32	2	2
4294967354	32	2	2
130996502559	33	2	2
109521666085	33	2	2
98784247853	33	2	2
85899345960	33	2	2
73014444078	33	2	2
70866960431	33	2	2
51539607589	33	2	2
49392123953	33	2	2
49392123942	33	2	2
158913789969	34	2	2
113816633382	34	2	2
66571993142	34	2	2
64424509495	34	2	2
64424509494	34	2	2
62277025833	34	2	2
55834574893	34	2	2
49392123948	34	2	2
47244640305	34	2	2
27917287478	34	2	2
8589934657	34	2	2
8589934653	34	2	2
6442450999	34	2	2
75161927733	35	2	3
66571993130	35	2	3
94489280557	35	2	2
83751862313	35	2	2
15032385598	35	2	2
122406567966	36	2	2
113816633378	36	2	2
66571993141	36	2	2
64424509493	36	2	2
64424509480	36	2	2
51539607600	36	2	2
19327352892	36	2	2
6442451006	36	2	2
146028888078	37	2	2
109521666073	37	2	2
81604378666	37	2	2
75161927727	37	2	2
70866960430	37	2	2
68719476796	37	2	2
66571993140	37	2	2
66571993131	37	2	2
64424509496	37	2	2
25769803830	37	2	2
25769803829	37	2	2
21474836538	37	2	2
15032385594	37	2	2
186831077380	38	2	2
133143986206	38	2	2
94489280553	38	2	2
77309411372	38	2	2
66571993143	38	2	2
62277025848	38	2	2
62277025841	38	2	2
8589934654	38	2	2
4294967352	38	2	2
2147483704	38	2	2
118111600672	39	2	3
139586437137	39	2	2
128849018907	39	2	2
92341796901	39	2	2
79456895031	39	2	2
68719476784	39	2	2
64424509484	39	2	2
62277025846	39	2	2
57982058530	39	2	2
45097156654	39	2	2
45097156651	39	2	2
40802189362	39	2	2
32212254774	39	2	2
2147483703	39	2	2
163208757259	40	2	2
100931731500	40	2	2
94489280541	40	2	2
81604378678	40	2	2
75161927725	40	2	2
70866960427	40	2	2
25769803822	40	2	2
12884901951	40	2	2
10737418299	40	2	2
130996502544	41	2	2
79456895021	41	2	2
77309411384	41	2	2
70866960439	41	2	2
60129542187	41	2	2
51539607595	41	2	2
36507222067	41	2	2
21474836539	41	2	2
8589934648	41	2	2
2147483701	41	2	2
135291469843	42	2	2
77309411380	42	2	2
70866960440	42	2	2
32212254770	42	2	2
27917287479	42	2	2
10737418300	42	2	2
2147483699	42	2	2
128849018906	43	2	2
115964117018	43	2	2
90194313256	43	2	2
75161927737	43	2	2
60129542177	43	2	2
57982058541	43	2	2
36507222068	43	2	2
19327352888	43	2	2
10737418304	43	2	2
6442451001	43	2	2
146028888088	44	2	2
90194313254	44	2	2
77309411374	44	2	2
70866960436	44	2	2
66571993138	44	2	2
53687091239	44	2	2
49392123945	44	2	2
42949673009	44	2	2
30064771127	44	2	2
25769803826	44	2	2
23622320182	44	2	2
12884901947	44	2	2
6442450995	44	2	2
130996502553	45	2	2
100931731489	45	2	2
73014444080	45	2	2
68719476793	45	2	2
66571993135	45	2	2
47244640301	45	2	2
40802189361	45	2	2
25769803824	45	2	2
15032385595	45	2	2
12884901948	45	2	2
6442450997	45	2	2
2147483698	45	2	2
83751862325	46	2	2
64424509488	46	2	2
55834574883	46	2	2
38654705714	46	2	2
139586437142	47	2	3
75161927724	47	2	2
73014444087	47	2	2
73014444082	47	2	2
70866960421	47	2	2
68719476789	47	2	2
66571993134	47	2	2
64424509491	47	2	2
51539607592	47	2	2
45097156659	47	2	2
34359738417	47	2	2
27917287475	47	2	2
6442451003	47	2	2
4294967357	47	2	2
4294967350	47	2	2
2147483706	47	2	2
135291469849	48	2	2
126701535260	48	2	2
109521666076	48	2	2
79456895027	48	2	2
79456895016	48	2	2
75161927721	48	2	2
68719476774	48	2	2
64424509487	48	2	2
62277025838	48	2	2
60129542188	48	2	2
32212254771	48	2	2
30064771124	48	2	2
17179869244	48	2	2
8589934650	48	2	2
2147483702	48	2	2
133143986193	49	2	2
133143986190	49	2	2
94489280554	49	2	2
70866960437	49	2	2
70866960424	49	2	2
68719476777	49	2	2
23622320186	49	2	2
10737418301	49	2	2
165356240909	50	2	2
139586437147	50	2	2
73014444086	50	2	2
70866960434	50	2	2
66571993132	50	2	2
60129542180	50	2	2
47244640306	50	2	2
133143986201	51	2	2
111669149724	51	2	2
109521666089	51	2	2
107374182441	51	2	2
96636764195	51	2	2
79456895025	51	2	2
77309411377	51	2	2
77309411371	51	2	2
42949673008	51	2	2
17179869245	51	2	2
6442450993	51	2	2
154618822670	52	2	6
75161927730	52	2	3
139586437134	52	2	2
94489280551	52	2	2
90194313250	52	2	2
79456895023	52	2	2
73014444084	52	2	2
64424509482	52	2	2
57982058536	52	2	2
53687091247	52	2	2
53687091242	52	2	2
38654705715	52	2	2
19327352889	52	2	2
154618822671	53	2	2
122406567961	53	2	2
111669149735	53	2	2
94489280538	53	2	2
90194313262	53	2	2
77309411368	53	2	2
75161927718	53	2	2
68719476787	53	2	2
62277025824	53	2	2
34359738418	53	2	2
4294967348	53	2	2
146028888075	54	2	2
118111600667	54	2	2
85899345972	54	2	2
73014444075	54	2	2
70866960435	54	2	2
70866960425	54	2	2
68719476790	54	2	2
57982058533	54	2	2
182536110085	55	2	2
94489280548	55	2	2
83751862310	55	2	2
77309411378	55	2	2
77309411376	55	2	2
73014444072	55	2	2
62277025834	55	2	2
17179869234	55	2	2
12884901940	55	2	2
79456895024	56	2	2
77309411381	56	2	2
77309411365	56	2	2
75161927734	56	2	2
64424509485	56	2	2
64424509471	56	2	2
55834574886	56	2	2
36507222064	56	2	2
8589934646	56	2	2
6442451004	56	2	2
154618822667	57	2	2
148176371734	57	2	2
107374182430	57	2	2
90194313266	57	2	2
79456895028	57	2	2
79456895018	57	2	2
47244640298	57	2	2
12884901942	57	2	2
4294967351	57	2	2
81604378668	58	2	2
73014444083	58	2	2
23622320175	58	2	2
15032385591	58	2	2
15032385589	58	2	2
10737418295	58	2	2
146028888072	59	2	2
139586437131	59	2	2
133143986203	59	2	2
88046829604	59	2	2
85899345957	59	2	2
77309411375	59	2	2
73014444077	59	2	2
27917287480	59	2	2
21474836535	59	2	2
17179869241	59	2	2
133143986199	60	2	2
124554051606	60	2	2
109521666082	60	2	2
98784247842	60	2	2
81604378663	60	2	2
79456895015	60	2	2
75161927731	60	2	2
70866960428	60	2	2
30064771116	60	2	2
4294967346	60	2	2
148176371730	61	2	2
146028888083	61	2	2
124554051617	61	2	2
115964117015	61	2	2
109521666070	61	2	2
83751862315	61	2	2
77309411369	61	2	2
75161927729	61	2	2
75161927728	61	2	2
60129542183	61	2	2
30064771123	61	2	2
12884901944	61	2	2
88046829619	62	2	2
73014444074	62	2	2
49392123950	62	2	2
25769803827	62	2	2
21474836536	62	2	2
15032385587	62	2	2
10737418297	62	2	2
146028888081	63	2	2
139586437140	63	2	2
130996502551	63	2	2
92341796898	63	2	2
83751862321	63	2	2
77309411362	63	2	2
40802189358	63	2	2
40802189351	63	2	2
2147483700	63	2	2
135291469848	64	2	2
135291469837	64	2	2
128849018904	64	2	2
77309411366	64	2	2
34359738412	64	2	2
34359738410	64	2	2
25769803820	64	2	2
21474836528	64	2	2
6442451000	64	2	2
2147483697	64	2	2
105226698783	65	2	2
83751862319	65	2	2
81604378672	65	2	2
66571993118	65	2	2
32212254767	65	2	2
32212254763	65	2	2
122406567967	66	2	2
85899345964	66	2	2
75161927722	66	2	2
75161927719	66	2	2
73014444081	66	2	2
73014444071	66	2	2
70866960429	66	2	2
68719476788	66	2	2
66571993128	66	2	2
64424509481	66	2	2
27917287476	66	2	2
8589934651	66	2	2
120259084312	67	2	2
85899345962	67	2	2
83751862317	67	2	2
81604378674	67	2	2
81604378670	67	2	2
79456895013	67	2	2
55834574889	67	2	2
36507222065	67	2	2
36507222057	67	2	2
23622320183	67	2	2
23622320177	67	2	2
115964117029	68	2	2
109521666086	68	2	2
30064771118	68	2	2
10737418293	68	2	2
4294967345	68	2	2
171798691850	69	2	2
146028888085	69	2	2
141733920789	69	2	2
118111600673	69	2	2
100931731486	69	2	2
94489280552	69	2	2
75161927715	69	2	2
68719476765	69	2	2
38654705711	69	2	2
19327352885	69	2	2
130996502541	70	2	2
83751862307	70	2	2
81604378660	70	2	2
75161927723	70	2	2
55834574890	70	2	2
40802189359	70	2	2
8589934644	70	2	2
85899345966	71	2	2
68719476785	71	2	2
66571993129	71	2	2
30064771120	71	2	2
6442450998	71	2	2
111669149721	72	2	2
85899345968	72	2	2
73014444079	72	2	2
73014444076	72	2	2
70866960432	72	2	2
36507222059	72	2	2
23622320179	72	2	2
4294967349	72	2	2
130996502556	73	2	2
103079215136	73	2	2
85899345954	73	2	2
81604378675	73	2	2
38654705712	73	2	2
137438953488	74	2	2
128849018890	74	2	2
122406567971	74	2	2
79456895017	74	2	2
34359738414	74	2	2
32212254765	74	2	2
27917287469	74	2	2
19327352883	74	2	2
12884901938	74	2	2
167503724556	75	2	2
133143986187	75	2	2
92341796913	75	2	2
77309411370	75	2	2
75161927726	75	2	2
19327352881	75	2	2
130996502558	76	2	2
90194313253	76	2	2
68719476778	76	2	2
38654705706	76	2	2
25769803818	76	2	2
94489280545	77	2	2
81604378665	77	2	2
81604378662	77	2	2
79456895022	77	2	2
79456895020	77	2	2
42949673005	77	2	2
32212254761	77	2	2
21474836532	77	2	2
10737418291	77	2	2
139586437144	78	2	2
118111600677	78	2	2
90194313260	78	2	2
90194313247	78	2	2
79456895012	78	2	2
77309411373	78	2	2
73014444068	78	2	2
49392123949	78	2	2
42949672998	78	2	2
25769803816	78	2	2
6442450991	78	2	2
167503724557	79	2	2
122406567955	79	2	2
118111600661	79	2	2
90194313251	79	2	2
83751862309	79	2	2
73014444070	79	2	2
68719476782	79	2	2
62277025827	79	2	2
38654705704	79	2	2
4294967353	79	2	2
137438953480	80	2	2
135291469840	80	2	2
130996502548	80	2	2
124554051603	80	2	2
96636764192	80	2	2
88046829609	80	2	2
51539607596	80	2	2
45097156655	80	2	2
17179869242	80	2	2
88046829613	81	2	2
83751862322	81	2	2
83751862312	81	2	2
68719476781	81	2	2
15032385592	81	2	2
120259084323	82	2	2
81604378664	82	2	2
70866960412	82	2	2
42949673006	82	2	2
30064771114	82	2	2
88046829601	83	2	2
83751862314	83	2	2
81604378671	83	2	2
70866960426	83	2	2
27917287471	83	2	2
21474836530	83	2	2
8589934645	83	2	2
96636764207	84	2	2
94489280549	84	2	2
90194313259	84	2	2
8589934642	84	2	2
90194313263	85	2	2
88046829611	85	2	2
83751862318	85	2	2
36507222061	85	2	2
4294967344	85	2	2
2147483694	85	2	2
79456895009	86	2	2
34359738415	86	2	2
12884901945	86	2	2
6442450996	86	2	2
2147483696	86	2	2
178241142791	87	2	2
130996502545	87	2	2
40802189353	87	2	2
169651208200	88	2	2
150323855370	88	2	2
83751862305	88	2	2
70866960423	88	2	2
70866960422	88	2	2
45097156645	88	2	2
17179869232	88	2	2
10737418287	88	2	2
176093659141	89	2	2
124554051598	89	2	2
111669149736	89	2	2
109521666077	89	2	2
98784247854	89	2	2
88046829615	89	2	2
83751862311	89	2	2
45097156656	89	2	2
27917287473	89	2	2
8589934640	89	2	2
135291469853	90	2	2
118111600664	90	2	2
113816633373	90	2	2
100931731501	90	2	2
98784247839	90	2	2
90194313248	90	2	2
88046829603	90	2	2
85899345959	90	2	2
81604378667	90	2	2
68719476779	90	2	2
47244640302	90	2	2
34359738408	90	2	2
141733920784	91	2	2
128849018895	91	2	2
75161927720	91	2	2
25769803821	91	2	2
10737418298	91	2	2
53687091243	92	2	2
27917287477	92	2	2
12884901936	92	2	2
188978561026	93	2	2
128849018900	93	2	2
90194313257	93	2	2
85899345958	93	2	2
81604378659	93	2	2
77309411353	93	2	2
51539607597	93	2	2
42949673000	93	2	2
128849018901	94	2	2
118111600670	94	2	2
64424509474	94	2	2
30064771121	94	2	2
17179869238	94	2	2
15032385585	94	2	2
124554051618	95	2	2
122406567958	95	2	2
120259084309	95	2	2
85899345969	95	2	2
81604378658	95	2	2
79456895011	95	2	2
73014444073	95	2	2
40802189355	95	2	2
32212254768	95	2	2
25769803823	95	2	2
19327352886	95	2	2
85899345956	96	2	2
77309411367	96	2	2
77309411364	96	2	2
55834574891	96	2	2
21474836526	96	2	2
12884901934	96	2	2
10737418289	96	2	2
6442450994	96	2	2
92341796907	97	2	2
90194313244	97	2	2
81604378669	97	2	2
62277025831	97	2	2
60129542184	97	2	2
38654705708	97	2	2
36507222055	97	2	2
15032385581	97	2	2
8589934639	97	2	2
6442450992	97	2	2
2147483695	97	2	2
173946175498	98	2	2
165356240907	98	2	2
115964117010	98	2	2
53687091233	98	2	2
4294967347	98	2	2
154618822668	99	2	2
139586437128	99	2	2
57982058537	99	2	2
94489280542	100	2	2
88046829608	100	2	2
62277025830	100	2	2
55834574887	100	2	2
42949673002	100	2	2
19327352879	100	2	2
8589934643	100	2	2
103079215138	101	2	2
92341796905	101	2	2
85899345961	101	2	2
83751862316	101	2	2
75161927717	101	2	2
51539607586	101	2	2
15032385583	101	2	2
8589934647	101	2	2
115964117030	102	2	2
109521666067	102	2	2
92341796895	102	2	2
75161927716	102	2	2
75161927706	102	2	2
36507222062	102	2	2
10737418292	102	2	2
135291469846	103	2	2
105226698795	103	2	2
83751862306	103	2	2
53687091244	103	2	2
30064771112	103	2	2
180388626439	104	2	2
146028888069	104	2	2
109521666083	104	2	2
47244640303	104	2	2
23622320180	104	2	2
17179869236	104	2	2
94489280546	105	2	2
90194313258	105	2	2
88046829606	105	2	2
25769803819	105	2	2
88046829616	106	2	2
60129542185	106	2	2
57982058538	106	2	2
21474836524	106	2	2
17179869230	106	2	2
12884901941	106	2	2
12884901939	106	2	2
111669149716	107	2	2
109521666080	107	2	2
107374182427	107	2	2
98784247844	107	2	2
92341796903	107	2	2
92341796893	107	2	2
85899345952	107	2	2
68719476775	107	2	2
2147483693	107	2	2
85899345965	108	2	2
122406567964	109	2	2
38654705702	109	2	2
6442450988	109	2	2
161061273616	110	2	2
126701535255	110	2	2
92341796909	110	2	2
79456895014	110	2	2
66571993121	110	2	2
15032385586	110	2	2
113816633383	111	2	2
88046829599	111	2	2
49392123939	111	2	2
17179869228	111	2	2
141733920790	112	2	2
135291469834	112	2	2
85899345963	112	2	2
83751862303	112	2	2
66571993124	112	2	2
47244640292	112	2	2
23622320173	112	2	2
100931731481	113	2	2
96636764199	113	2	2
96636764197	113	2	2
81604378656	113	2	2
49392123946	113	2	2
45097156652	113	2	2
21474836533	113	2	2
19327352877	113	2	2
2147483692	113	2	2
161061273612	114	2	2
158913789966	114	2	2
143881404429	114	2	2
107374182442	114	2	2
88046829612	114	2	2
32212254759	114	2	2
27917287467	114	2	2
21474836522	114	2	2
88046829605	115	2	2
42949672996	115	2	2
40802189356	115	2	2
137438953485	116	2	2
88046829610	116	2	2
19327352875	116	2	2
137438953499	117	2	2
122406567952	117	2	2
85899345953	117	2	2
64424509478	117	2	2
133143986200	118	2	2
130996502535	118	2	2
120259084324	118	2	2
103079215148	118	2	2
73014444059	118	2	2
38654705709	118	2	2
30064771110	118	2	2
6442450990	118	2	2
152471339028	119	2	2
100931731495	119	2	2
96636764201	119	2	2
40802189349	119	2	2
113816633371	120	2	2
96636764203	120	2	2
90194313255	120	2	2
88046829600	120	2	2
64424509477	120	2	2
51539607593	120	2	2
36507222053	120	2	2
118111600658	121	2	2
113816633379	121	2	2
94489280543	121	2	2
79456895000	121	2	2
77309411363	121	2	2
55834574888	121	2	2
158913789965	122	2	2
128849018898	122	2	2
109521666081	122	2	2
57982058527	122	2	2
15032385588	122	2	2
171798691848	123	2	2
139586437141	123	2	2
103079215133	123	2	2
96636764189	123	2	2
92341796910	123	2	2
90194313252	123	2	2
27917287474	123	2	2
25769803815	123	2	2
10737418290	123	2	2
4294967341	123	2	2
49392123947	124	2	2
25769803814	124	2	2
23622320171	124	2	2
126701535265	125	2	2
118111600665	125	2	2
111669149730	125	2	2
98784247846	125	2	2
10737418294	125	2	2
165356240911	126	2	2
146028888082	126	2	2
124554051610	126	2	2
118111600674	126	2	2
42949673003	126	2	2
12884901933	126	2	2
10737418286	126	2	2
122406567959	127	2	2
105226698780	127	2	2
100931731493	127	2	2
51539607588	127	2	2
34359738406	127	2	2
32212254757	127	2	2
23622320169	127	2	2
133143986197	128	2	2
126701535253	128	2	2
73014444069	128	2	2
19327352880	128	2	2
8589934638	128	2	2
6442450987	128	2	2
173946175497	129	2	2
126701535261	129	2	2
98784247836	129	2	2
137438953500	130	2	2
111669149728	130	2	2
103079215144	130	2	2
12884901937	130	2	2
4294967343	130	2	2
141733920781	131	2	2
115964117022	131	2	2
105226698785	131	2	2
94489280529	131	2	2
92341796902	131	2	2
81604378661	131	2	2
55834574884	131	2	2
32212254764	131	2	2
30064771115	131	2	2
113816633367	132	2	2
105226698791	132	2	2
17179869239	132	2	2
143881404440	133	2	2
100931731483	133	2	2
55834574882	133	2	2
27917287465	133	2	2
21474836527	133	2	2
111669149718	134	2	2
15032385580	134	2	2
2147483691	134	2	2
163208757252	135	2	2
158913789970	135	2	2
124554051612	135	2	2
120259084304	135	2	2
96636764187	135	2	2
92341796899	135	2	2
85899345950	135	2	2
32212254762	135	2	2
122406567968	136	2	2
98784247850	136	2	2
68719476776	136	2	2
141733920778	137	2	2
96636764191	137	2	2
55834574880	137	2	2
47244640299	137	2	2
34359738409	137	2	2
30064771117	138	2	2
15032385584	138	2	2
115964117024	139	2	2
92341796904	139	2	2
42949672994	139	2	2
12884901932	139	2	2
6442450989	139	2	2
90194313235	140	2	2
40802189347	140	2	2
98784247848	141	2	2
92341796900	141	2	2
90194313246	141	2	2
53687091240	141	2	2
34359738411	141	2	2
60129542174	142	2	2
49392123943	142	2	2
38654705700	142	2	2
23622320174	142	2	2
92341796897	143	2	2
62277025832	143	2	2
62277025828	143	2	2
45097156653	143	2	2
25769803817	143	2	2
10737418285	143	2	2
6442450986	143	2	2
57982058534	144	2	2
51539607594	144	2	2
51539607590	144	2	2
146028888079	145	2	2
139586437138	145	2	2
88046829597	145	2	2
70866960415	145	2	2
165356240901	146	2	2
68719476768	146	2	2
21474836529	146	2	2
8589934641	146	2	2
36507222056	147	2	2
2147483690	147	2	2
83751862308	148	2	2
4294967342	148	2	2
115964117012	149	2	2
98784247838	149	2	2
83751862294	149	2	2
34359738404	149	2	2
135291469850	150	2	2
113816633376	150	2	2
49392123941	150	2	2
96636764204	151	2	2
79456895010	151	2	2
55834574885	151	2	2
36507222051	151	2	2
171798691842	152	2	2
150323855382	152	2	2
150323855381	152	2	2
133143986198	152	2	2
94489280539	152	2	2
70866960418	152	2	2
60129542181	152	2	2
23622320172	152	2	2
130996502550	153	2	2
128849018897	153	2	2
128849018891	153	2	2
107374182422	153	2	2
68719476771	153	2	2
92341796894	154	2	2
30064771113	154	2	2
4294967340	154	2	2
163208757264	155	2	2
156766306311	155	2	2
111669149733	155	2	2
105226698787	155	2	2
96636764196	155	2	2
92341796906	155	2	2
19327352882	155	2	2
158913789960	156	2	2
156766306323	156	2	2
100931731491	156	2	2
109521666074	157	2	2
103079215135	157	2	2
103079215132	157	2	2
36507222058	157	2	2
15032385582	157	2	2
15032385579	157	2	2
109521666058	158	2	2
98784247851	158	2	2
81604378647	158	2	2
53687091235	158	2	2
23622320176	158	2	2
171798691852	159	2	2
135291469841	159	2	2
90194313249	159	2	2
2147483688	159	2	2
118111600671	160	2	2
113816633370	160	2	2
109521666075	160	2	2
100931731498	160	2	2
30064771108	160	2	2
105226698779	161	2	2
96636764194	161	2	2
19327352878	161	2	2
4294967339	161	2	2
150323855367	162	2	2
109521666078	162	2	2
103079215130	162	2	2
98784247834	162	2	2
75161927709	162	2	2
21474836525	162	2	2
128849018881	163	2	2
126701535252	163	2	2
96636764193	163	2	2
51539607584	163	2	2
27917287463	163	2	2
19327352874	163	2	2
2147483689	163	2	2
126701535249	164	2	2
120259084316	165	2	2
105226698789	165	2	2
103079215141	165	2	2
66571993125	165	2	2
49392123937	165	2	2
38654705698	166	2	2
107374182436	167	2	2
103079215140	167	2	2
73014444066	167	2	2
40802189352	167	2	2
38654705705	167	2	2
32212254760	167	2	2
30064771109	167	2	2
107374182434	168	2	2
85899345955	168	2	2
57982058535	168	2	2
40802189345	168	2	2
34359738407	168	2	2
19327352873	168	2	2
120259084318	169	2	2
45097156649	169	2	2
27917287468	169	2	2
12884901935	169	2	2
10737418288	169	2	2
124554051600	170	2	2
103079215142	170	2	2
130996502542	171	2	2
94489280532	171	2	2
53687091241	171	2	2
146028888080	172	2	2
133143986184	172	2	2
130996502552	172	2	2
17179869233	172	2	2
141733920794	173	2	2
111669149725	173	2	2
21474836520	173	2	2
94489280540	174	2	2
73014444062	174	2	2
62277025823	174	2	2
124554051615	175	2	2
113816633380	175	2	2
105226698777	175	2	2
85899345941	175	2	2
81604378657	175	2	2
57982058531	175	2	2
42949672992	175	2	2
36507222054	175	2	2
6442450984	175	2	2
105226698792	176	2	2
96636764198	176	2	2
45097156643	177	2	2
32212254756	177	2	2
17179869235	177	2	2
77309411356	178	2	2
34359738403	178	2	2
27917287470	178	2	2
75161927712	179	2	2
62277025821	179	2	2
130996502555	180	2	2
100931731490	180	2	2
57982058529	180	2	2
47244640300	180	2	2
45097156647	180	2	2
38654705703	180	2	2
4294967337	180	2	2
139586437139	181	2	2
122406567965	181	2	2
83751862304	181	2	2
66571993126	181	2	2
23622320168	181	2	2
8589934635	181	2	2
141733920787	182	2	2
122406567963	182	2	2
88046829588	182	2	2
53687091231	182	2	2
49392123944	182	2	2
8589934637	182	2	2
130996502532	183	2	2
60129542182	183	2	2
42949672999	183	2	2
40802189350	183	2	2
2147483687	183	2	2
184683593733	184	2	2
113816633368	184	2	2
64424509468	184	2	2
62277025829	184	2	2
30064771111	184	2	2
4294967338	184	2	2
2147483686	184	2	2
118111600669	185	2	2
115964117019	185	2	2
98784247843	185	2	2
96636764200	185	2	2
81604378654	185	2	2
21474836521	185	2	2
15032385576	185	2	2
103079215145	186	2	2
100931731497	186	2	2
64424509479	186	2	2
32212254755	186	2	2
148176371725	187	2	2
113816633364	187	2	2
53687091237	187	2	2
47244640290	187	2	2
165356240908	188	2	2
118111600668	188	2	2
111669149722	188	2	2
96636764188	188	2	2
51539607582	188	2	2
25769803811	188	2	2
107374182432	189	2	2
88046829602	189	2	2
62277025825	189	2	2
193273528322	190	2	2
154618822665	190	2	2
98784247847	190	2	2
70866960419	190	2	2
122406567962	191	2	2
120259084306	191	2	2
122406567949	192	2	2
100931731487	192	2	2
64424509475	192	2	2
60129542178	192	2	2
60129542176	192	2	2
49392123935	192	2	2
12884901929	192	2	2
180388626438	193	2	2
128849018894	193	2	2
126701535258	193	2	2
118111600655	193	2	2
98784247840	193	2	2
92341796891	193	2	2
47244640296	193	2	2
45097156641	193	2	2
156766306322	194	2	2
19327352876	195	2	2
109521666072	196	2	2
42949672997	196	2	2
36507222050	196	2	2
150323855362	197	2	6
115964117027	197	2	2
111669149732	197	2	2
98784247841	197	2	2
77309411359	197	2	2
15032385578	197	2	2
107374182424	198	2	2
100931731485	198	2	2
51539607591	198	2	2
27917287466	198	2	2
98784247845	199	2	2
83751862301	199	2	2
186831077377	200	2	2
154618822664	200	2	2
141733920782	200	2	2
115964117016	200	2	2
92341796896	200	2	2
90194313245	200	2	2
133143986194	201	2	2
118111600662	201	2	2
25769803813	201	2	2
158913789967	203	2	2
79456895007	203	2	2
57982058525	203	2	2
34359738402	203	2	2
12884901931	203	2	2
107374182438	204	2	2
75161927713	204	2	2
23622320167	204	2	2
137438953494	205	2	2
103079215134	205	2	2
55834574878	205	2	2
10737418284	205	2	2
6442450982	205	2	2
152471339017	206	2	2
105226698782	206	2	2
53687091229	206	2	2
38654705701	206	2	2
6442450985	206	2	2
143881404441	207	2	2
124554051607	207	2	2
105226698781	207	2	2
103079215129	207	2	2
94489280535	207	2	2
79456895003	207	2	2
21474836523	207	2	2
10737418282	207	2	2
73014444065	208	2	2
49392123933	208	2	2
66571993115	209	2	2
27917287462	209	2	2
137438953492	210	2	2
113816633377	210	2	2
111669149726	210	2	2
47244640294	210	2	2
45097156639	210	2	2
32212254758	210	2	2
25769803812	210	2	2
25769803810	210	2	2
176093659146	211	2	2
96636764185	211	2	2
4294967336	212	2	2
113816633375	213	2	2
8589934636	213	2	2
85899345951	214	2	2
77309411360	214	2	2
45097156650	214	2	2
23622320170	214	2	2
2147483685	214	2	2
51539607580	215	2	2
135291469847	216	2	2
107374182439	216	2	2
38654705697	216	2	2
156766306308	217	2	2
139586437135	217	2	2
122406567956	217	2	2
120259084321	217	2	2
105226698788	217	2	2
36507222049	217	2	2
17179869231	217	2	2
8589934634	217	2	2
143881404426	218	2	2
57982058523	218	2	2
34359738405	218	2	2
2147483683	219	2	2
17179869226	220	2	2
12884901928	220	2	2
4294967335	220	2	2
150323855374	221	2	2
60129542172	221	2	2
30064771105	221	2	2
163208757263	222	2	2
105226698775	222	2	2
103079215139	222	2	2
100931731488	222	2	2
169651208205	223	2	2
165356240904	223	2	2
130996502546	223	2	2
103079215137	223	2	2
2147483684	223	2	2
53687091227	224	2	2
47244640288	224	2	2
36507222052	224	2	2
19327352870	224	2	2
12884901930	224	2	2
158913789963	225	2	2
120259084313	225	2	2
115964117020	226	2	2
111669149727	226	2	2
105226698784	226	2	2
40802189348	226	2	2
2147483682	226	2	2
98784247835	227	2	2
53687091238	227	2	2
100931731492	228	2	2
42949672995	228	2	2
2147483680	228	2	2
124554051604	229	2	2
92341796882	229	2	2
55834574881	229	2	2
167503724553	230	2	2
143881404421	230	2	2
133143986195	230	2	2
109521666071	230	2	2
85899345948	230	2	2
6442450980	230	2	2
150323855376	231	2	2
73014444063	231	2	2
38654705696	231	2	2
17179869227	231	2	2
139586437125	232	2	2
135291469844	232	2	2
105226698786	232	2	2
103079215128	232	2	2
40802189344	232	2	2
141733920775	233	2	2
135291469831	233	2	2
55834574879	233	2	2
15032385575	233	2	2
4294967334	233	2	2
109521666061	234	2	2
105226698776	234	2	2
66571993122	234	2	2
10737418283	234	2	2
6442450981	234	2	2
2147483679	234	2	2
107374182431	235	2	2
79456895006	235	2	2
25769803809	235	2	2
152471339029	236	2	2
6442450983	236	2	2
148176371731	237	2	2
25769803808	237	2	2
10737418281	237	2	2
4294967333	237	2	2
171798691849	238	2	2
21474836517	238	2	2
109521666068	239	2	2
98784247832	239	2	2
42949672991	239	2	2
126701535262	240	2	2
107374182428	240	2	2
70866960420	240	2	2
64424509470	240	2	2
60129542170	240	2	2
165356240898	241	2	2
96636764176	241	2	2
81604378650	241	2	2
8589934633	241	2	2
141733920791	242	2	2
126701535250	242	2	2
126701535246	242	2	2
100931731494	242	2	2
88046829595	242	2	2
42949672990	242	2	2
113816633374	243	2	2
8589934632	243	2	2
2147483681	243	2	2
111669149720	245	2	2
68719476762	245	2	2
115964117026	246	2	2
103079215126	246	2	2
62277025826	246	2	2
120259084310	247	2	2
64424509476	247	2	2
57982058532	247	2	2
122406567960	248	2	2
90194313238	248	2	2
49392123940	248	2	2
6442450977	248	2	2
47244640286	249	2	2
40802189343	249	2	2
38654705699	250	2	2
19327352872	250	2	2
83751862297	251	2	2
51539607585	251	2	2
169651208204	252	2	2
165356240906	252	2	2
88046829598	252	2	2
55834574876	252	2	2
47244640297	252	2	2
12884901927	252	2	2
64424509472	254	2	2
60129542179	254	2	2
27917287461	254	2	2
171798691845	255	2	2
163208757258	255	2	2
118111600646	255	2	2
178241142792	256	2	2
167503724548	256	2	2
163208757256	256	2	2
32212254752	256	2	2
10737418280	257	2	2
139586437136	258	2	2
146028888076	259	2	2
111669149723	259	2	2
81604378653	259	2	2
27917287464	259	2	2
120259084320	260	2	2
137438953482	261	2	2
126701535259	261	2	2
73014444067	261	2	2
49392123938	261	2	2
15032385577	261	2	2
4294967329	262	2	2
83751862298	263	2	2
55834574874	263	2	2
25769803807	263	2	2
6442450978	263	2	2
124554051609	264	2	2
98784247823	264	2	2
55834574877	264	2	2
30064771107	264	2	2
4294967332	264	2	2
4294967330	264	2	2
30064771104	265	2	2
148176371735	266	2	2
135291469845	266	2	2
105226698773	266	2	2
70866960409	266	2	2
23622320164	266	2	2
15032385574	266	2	2
2147483678	266	2	2
137438953497	267	2	2
92341796889	267	2	2
6442450979	267	2	2
158913789954	269	2	2
156766306315	269	2	2
148176371723	269	2	2
146028888066	269	2	2
70866960416	269	2	2
68719476772	269	2	2
118111600666	270	2	2
107374182426	270	2	2
103079215117	270	2	2
64424509466	270	2	2
62277025819	270	2	2
21474836519	270	2	2
96636764190	271	2	2
57982058521	272	2	2
158913789957	273	2	2
156766306317	273	2	2
148176371719	273	2	2
124554051608	273	2	2
83751862300	273	2	2
79456895004	273	2	2
17179869229	273	2	2
51539607587	275	2	2
51539607583	275	2	2
32212254751	275	2	2
8589934631	275	2	2
122406567957	276	2	2
111669149729	276	2	2
107374182429	276	2	2
55834574873	276	2	2
42949672993	276	2	2
36507222046	276	2	2
32212254754	276	2	2
40802189346	277	2	2
81604378651	278	2	2
68719476773	279	2	2
66571993117	279	2	2
25769803806	279	2	2
19327352869	279	2	2
12884901925	279	2	2
75161927710	280	2	2
60129542168	280	2	2
126701535257	282	2	2
85899345944	282	2	2
66571993119	282	2	2
34359738399	282	2	2
17179869223	282	2	2
115964117021	283	2	2
113816633361	283	2	2
167503724554	284	2	2
75161927714	284	2	2
75161927703	284	2	2
128849018887	285	2	2
66571993113	285	2	2
120259084314	286	2	2
154618822659	287	2	2
135291469838	287	2	2
30064771106	287	2	2
25769803805	287	2	2
12884901926	287	2	2
10737418278	287	2	2
92341796892	289	2	2
77309411361	289	2	2
10737418279	289	2	2
23622320166	290	2	2
21474836516	290	2	2
19327352871	290	2	2
128849018884	291	2	2
49392123931	291	2	2
45097156646	291	2	2
32212254750	291	2	2
30064771103	291	2	2
111669149712	292	2	2
109521666064	292	2	2
49392123936	292	2	2
17179869225	292	2	2
113816633365	293	2	2
34359738401	293	2	2
4294967327	293	2	2
107374182435	294	2	2
53687091234	294	2	2
32212254753	294	2	2
25769803800	294	2	2
17179869222	294	2	2
130996502529	295	2	6
77309411357	295	2	2
66571993123	295	2	2
146028888077	296	2	2
133143986192	296	2	2
109521666069	296	2	2
73014444058	296	2	2
118111600663	297	2	2
113816633372	297	2	2
17179869221	297	2	2
23622320163	298	2	2
15032385572	298	2	2
4294967331	298	2	2
4294967326	298	2	2
90194313241	299	2	2
23622320165	299	2	2
191126044674	300	2	2
53687091232	300	2	2
4294967328	300	2	2
133143986191	301	2	2
51539607579	301	2	2
36507222048	301	2	2
36507222047	301	2	2
6442450976	301	2	2
115964117014	302	2	2
90194313242	302	2	2
25769803804	302	2	2
148176371722	303	2	2
107374182433	303	2	2
77309411350	303	2	2
130996502540	304	2	2
105226698764	304	2	2
42949672987	304	2	2
15032385573	304	2	2
113816633363	306	2	2
98784247837	306	2	2
45097156644	306	2	2
118111600659	307	2	2
100931731484	307	2	2
64424509464	307	2	2
34359738400	307	2	2
21474836518	308	2	2
150323855379	309	2	2
124554051611	309	2	2
100931731479	309	2	2
36507222045	309	2	2
124554051614	310	2	2
122406567940	310	2	2
111669149719	310	2	2
88046829591	310	2	2
85899345947	310	2	2
137438953489	312	2	2
130996502536	312	2	2
85899345945	313	2	2
34359738398	313	2	2
25769803803	313	2	2
115964117023	314	2	2
133143986189	315	2	2
55834574872	315	2	2
130996502533	316	2	2
62277025817	316	2	2
182536110086	317	2	2
73014444064	317	2	2
57982058526	317	2	2
17179869224	317	2	2
6442450975	317	2	2
154618822662	318	2	2
143881404433	319	2	2
122406567953	319	2	2
8589934630	319	2	2
2147483677	319	2	2
57982058528	320	2	2
184683593732	321	2	2
115964117006	321	2	2
100931731477	321	2	2
143881404435	322	2	2
66571993111	322	2	2
130996502549	323	2	2
60129542175	323	2	2
51539607578	323	2	2
21474836515	323	2	2
126701535243	324	2	2
38654705693	324	2	2
19327352868	324	2	2
113816633369	325	2	2
100931731482	325	2	2
40802189340	325	2	2
8589934629	325	2	2
163208757261	326	2	2
137438953486	326	2	2
130996502538	326	2	2
120259084308	326	2	2
27917287458	327	2	2
30064771102	328	2	2
130996502530	329	2	6
150323855368	329	2	2
73014444060	329	2	2
10737418276	329	2	2
100931731470	330	2	2
96636764183	330	2	2
124554051594	331	2	2
53687091225	331	2	2
12884901923	331	2	2
115964117017	332	2	2
103079215131	332	2	2
120259084315	333	2	2
113816633352	334	2	2
81604378646	334	2	2
79456894999	334	2	2
8589934624	334	2	2
105226698778	336	2	2
38654705695	336	2	2
38654705694	336	2	2
141733920788	337	2	2
79456895008	337	2	2
139586437133	338	2	2
88046829592	338	2	2
73014444056	338	2	2
2147483676	338	2	2
83751862293	339	2	2
81604378655	339	2	2
47244640293	339	2	2
111669149717	340	2	2
83751862302	340	2	2
68719476769	340	2	2
64424509473	340	2	2
23622320162	340	2	2
17179869219	340	2	2
150323855371	341	2	2
30064771101	341	2	2
19327352866	341	2	2
88046829594	342	2	2
77309411352	342	2	2
49392123932	342	2	2
158913789964	343	2	2
83751862295	343	2	2
25769803802	343	2	2
75161927705	344	2	2
53687091226	344	2	2
38654705692	344	2	2
42949672988	345	2	2
42949672986	345	2	2
34359738397	345	2	2
10737418271	345	2	2
79456895001	346	2	2
53687091230	346	2	2
51539607581	346	2	2
40802189342	346	2	2
27917287460	347	2	2
8589934627	347	2	2
49392123934	348	2	2
21474836513	348	2	2
12884901924	348	2	2
10737418277	348	2	2
4294967325	348	2	2
42949672989	349	2	2
8589934628	349	2	2
163208757253	350	2	2
34359738396	350	2	2
10737418274	350	2	2
139586437132	351	2	2
118111600660	351	2	2
94489280536	351	2	2
70866960413	351	2	2
122406567954	352	2	2
55834574875	352	2	2
36507222044	352	2	2
25769803799	352	2	2
126701535256	353	2	2
83751862299	353	2	2
40802189339	353	2	2
12884901918	353	2	2
171798691847	354	2	2
40802189341	354	2	2
32212254749	354	2	2
25769803801	354	2	2
81604378648	355	2	2
130996502537	356	2	2
57982058524	356	2	2
6442450974	356	2	2
141733920779	357	2	2
70866960411	357	2	2
62277025820	358	2	2
60129542173	358	2	2
148176371728	360	2	2
120259084311	360	2	2
70866960417	360	2	2
2147483675	360	2	2
77309411354	361	2	2
17179869220	361	2	2
169651208199	362	2	2
32212254748	362	2	2
10737418275	362	2	2
115964117013	363	2	2
96636764186	363	2	2
195421011969	364	2	6
141733920772	364	2	2
92341796885	364	2	2
15032385570	364	2	2
176093659140	365	2	2
186831077381	366	2	2
47244640291	367	2	2
38654705690	367	2	2
169651208197	368	2	2
161061273617	368	2	2
156766306320	368	2	2
42949672985	368	2	2
19327352867	368	2	2
77309411358	369	2	2
126701535247	370	2	2
92341796886	370	2	2
75161927707	370	2	2
176093659145	371	2	2
12884901922	371	2	2
141733920786	372	2	2
81604378652	372	2	2
57982058520	372	2	2
27917287457	373	2	2
17179869217	373	2	2
12884901921	373	2	2
98784247830	374	2	2
30064771098	374	2	2
45097156642	375	2	2
32212254745	375	2	2
30064771099	375	2	2
27917287459	375	2	2
8589934625	375	2	2
124554051601	376	2	2
85899345949	376	2	2
32212254746	376	2	2
30064771100	377	2	2
23622320161	377	2	2
15032385571	377	2	2
6442450973	377	2	2
141733920785	378	2	2
57982058519	378	2	2
8589934623	378	2	2
118111600657	379	2	2
62277025822	379	2	2
45097156637	379	2	2
36507222043	379	2	2
107374182423	380	2	2
150323855364	381	2	2
75161927711	382	2	2
173946175489	383	2	2
79456894997	384	2	2
17179869212	384	2	2
139586437130	385	2	2
66571993120	385	2	2
135291469842	387	2	2
126701535245	387	2	2
62277025815	387	2	2
161061273607	389	2	2
124554051602	389	2	2
111669149714	389	2	2
90194313239	389	2	2
79456895005	389	2	2
38654705691	389	2	2
32212254744	390	2	2
64424509462	391	2	2
25769803796	391	2	2
2147483674	391	2	2
173946175495	392	2	2
66571993109	392	2	2
32212254747	392	2	2
8589934626	392	2	2
25769803797	393	2	2
15032385565	393	2	2
154618822661	394	2	2
122406567951	395	2	2
73014444061	395	2	2
40802189338	395	2	2
143881404438	396	2	2
62277025818	396	2	2
23622320160	396	2	2
163208757250	397	2	6
120259084317	398	2	2
120259084300	398	2	2
94489280537	398	2	2
49392123928	398	2	2
30064771097	398	2	2
30064771095	398	2	2
30064771094	398	2	2
85899345942	399	2	2
17179869216	399	2	2
146028888074	400	2	2
21474836514	400	2	2
12884901919	400	2	2
152471339014	401	2	2
10737418272	401	2	2
15032385568	402	2	2
70866960407	403	2	2
55834574869	403	2	2
45097156638	403	2	2
161061273605	404	2	2
60129542171	404	2	2
17179869218	404	2	2
10737418273	404	2	2
167503724545	405	2	2
10737418270	405	2	2
4294967324	405	2	2
135291469835	406	2	2
126701535254	406	2	2
60129542166	406	2	2
53687091228	406	2	2
53687091222	406	2	2
30064771096	407	2	2
17179869215	407	2	2
15032385569	407	2	2
12884901917	407	2	2
88046829589	408	2	2
34359738395	408	2	2
32212254741	408	2	2
12884901920	408	2	2
55834574871	409	2	2
42949672984	409	2	2
34359738394	411	2	2
62277025814	412	2	2
42949672983	412	2	2
27917287456	412	2	2
161061273613	413	2	2
51539607575	413	2	2
47244640289	413	2	2
32212254743	414	2	2
68719476760	415	2	2
57982058522	415	2	2
133143986185	416	2	2
120259084307	416	2	2
40802189337	416	2	2
113816633366	417	2	2
107374182420	417	2	2
158913789962	418	2	2
85899345940	418	2	2
167503724551	419	2	2
107374182425	419	2	2
21474836510	419	2	2
186831077379	420	2	2
152471339023	420	2	2
36507222042	420	2	2
94489280526	421	2	2
19327352864	422	2	2
103079215127	423	2	2
96636764179	423	2	2
165356240905	424	2	2
107374182418	424	2	2
107374182411	424	2	2
92341796888	425	2	2
38654705689	425	2	2
21474836511	425	2	2
6442450972	425	2	2
156766306312	426	2	2
85899345946	426	2	2
83751862296	426	2	2
34359738392	426	2	2
133143986188	427	2	2
98784247833	428	2	2
122406567950	429	2	2
8589934621	429	2	2
152471339021	430	2	2
90194313243	430	2	2
34359738393	430	2	2
124554051605	431	2	2
111669149709	431	2	2
81604378644	431	2	2
47244640284	431	2	2
36507222041	431	2	2
34359738391	431	2	2
21474836506	431	2	2
25769803798	432	2	2
15032385567	432	2	2
2147483673	432	2	2
23622320153	433	2	2
19327352863	433	2	2
17179869213	433	2	2
6442450971	433	2	2
77309411355	434	2	2
38654705688	434	2	2
19327352865	434	2	2
88046829587	435	2	2
32212254742	435	2	2
148176371720	436	2	2
100931731474	436	2	2
23622320159	436	2	2
19327352859	436	2	2
15032385566	436	2	2
49392123930	437	2	2
17179869214	437	2	2
180388626436	439	2	2
146028888073	440	2	2
118111600656	440	2	2
64424509467	440	2	2
40802189336	440	2	2
21474836512	440	2	2
163208757249	441	2	6
34359738388	441	2	2
176093659138	443	2	6
143881404423	443	2	2
115964117011	443	2	2
12884901916	443	2	2
8589934620	443	2	2
6442450970	443	2	2
4294967323	443	2	2
27917287455	444	2	2
25769803795	444	2	2
137438953490	445	2	2
75161927708	445	2	2
130996502543	446	2	2
83751862291	446	2	2
88046829596	447	2	2
68719476764	447	2	2
60129542167	447	2	2
21474836509	447	2	2
8589934622	447	2	2
79456895002	448	2	2
75161927701	448	2	2
68719476770	448	2	2
2147483672	448	2	2
36507222039	449	2	2
169651208202	450	2	2
126701535251	450	2	2
55834574870	450	2	2
68719476758	451	2	2
42949672982	451	2	2
15032385564	451	2	2
137438953476	452	2	2
10737418269	452	2	2
90194313232	453	2	2
81604378649	453	2	2
34359738390	453	2	2
96636764182	454	2	2
38654705687	454	2	2
70866960414	455	2	2
70866960405	455	2	2
68719476766	455	2	2
45097156640	455	2	2
176093659143	456	2	2
173946175494	456	2	2
118111600649	456	2	2
45097156634	456	2	2
36507222040	457	2	2
36507222038	457	2	2
23622320157	457	2	2
103079215120	458	2	2
96636764180	458	2	2
55834574868	458	2	2
30064771093	458	2	2
47244640285	459	2	2
36507222035	459	2	2
146028888071	460	2	2
34359738389	460	2	2
49392123927	461	2	2
120259084305	462	2	2
51539607577	462	2	2
21474836507	462	2	2
12884901915	462	2	2
148176371732	463	2	2
38654705685	463	2	2
143881404430	464	2	2
57982058516	464	2	2
40802189334	464	2	2
23622320158	464	2	2
148176371716	465	2	2
42949672981	466	2	2
171798691846	467	2	2
10737418268	467	2	2
77309411348	468	2	2
135291469839	470	2	2
19327352862	471	2	2
137438953496	474	2	2
27917287454	474	2	2
49392123929	475	2	2
64424509469	477	2	2
38654705682	477	2	2
17179869210	477	2	2
148176371729	479	2	2
115964117008	479	2	2
51539607576	479	2	2
42949672979	479	2	2
15032385563	479	2	2
4294967322	479	2	2
156766306309	480	2	2
148176371727	480	2	2
38654705686	480	2	2
23622320156	480	2	2
21474836508	480	2	2
60129542169	481	2	2
92341796890	482	2	2
94489280533	483	2	2
17179869211	484	2	2
105226698771	485	2	2
40802189333	485	2	2
137438953491	487	2	2
118111600652	487	2	2
40802189332	487	2	2
19327352860	488	2	2
64424509465	489	2	2
103079215124	490	2	2
85899345943	490	2	2
40802189335	490	2	2
8589934619	490	2	2
130996502534	492	2	2
115964117003	493	2	2
32212254740	493	2	2
85899345938	494	2	2
98784247826	495	2	2
90194313236	496	2	2
4294967321	496	2	2
152471339009	497	2	2
111669149705	497	2	2
47244640287	497	2	2
30064771090	497	2	2
10737418267	497	2	2
88046829593	499	2	2
66571993116	499	2	2
42949672980	499	2	2
30064771091	499	2	2
143881404427	500	2	2
120259084302	500	2	2
68719476756	500	2	2
126701535234	501	2	2
6442450968	502	2	2
66571993114	503	2	2
143881404431	504	2	2
27917287453	504	2	2
19327352861	504	2	2
182536110087	505	2	2
15032385562	505	2	2
105226698774	506	2	2
64424509461	506	2	2
92341796883	507	2	2
47244640281	507	2	2
27917287451	507	2	2
12884901914	507	2	2
51539607574	508	2	2
36507222037	509	2	2
73014444054	510	2	2
40802189329	510	2	2
150323855378	514	2	2
124554051596	514	2	2
49392123926	514	2	2
53687091221	515	2	2
38654705684	515	2	2
62277025816	516	2	2
45097156633	516	2	2
98784247827	517	2	2
152471339019	518	2	2
143881404437	518	2	2
124554051591	518	2	2
98784247829	518	2	2
19327352858	518	2	2
188978561028	519	2	2
152471339026	519	2	2
53687091224	519	2	2
60129542163	520	2	2
27917287447	520	2	2
23622320154	520	2	2
92341796887	521	2	2
64424509460	521	2	2
158913789961	522	2	2
75161927699	522	2	2
34359738387	523	2	2
62277025813	524	2	2
45097156636	525	2	2
128849018892	526	2	2
38654705683	526	2	2
42949672976	527	2	2
36507222036	527	2	2
23622320152	527	2	2
165356240903	528	2	2
77309411346	528	2	2
23622320155	528	2	2
21474836505	528	2	2
2147483671	528	2	2
133143986178	529	2	2
6442450969	529	2	2
152471339025	530	2	2
55834574867	530	2	2
30064771092	531	2	2
135291469833	532	2	2
92341796881	532	2	2
70866960403	534	2	2
103079215123	536	2	2
40802189330	538	2	2
27917287452	539	2	2
88046829585	540	2	2
122406567946	542	2	2
122406567943	543	2	2
90194313234	543	2	2
53687091223	543	2	2
15032385561	543	2	2
161061273604	544	2	2
42949672978	544	2	2
133143986181	545	2	2
38654705681	545	2	2
135291469836	546	2	2
66571993107	546	2	2
57982058518	548	2	2
40802189331	548	2	2
32212254739	548	2	2
30064771089	548	2	2
4294967320	548	2	2
150323855373	549	2	2
34359738385	552	2	2
34359738384	552	2	2
105226698767	553	2	2
32212254737	553	2	2
12884901913	553	2	2
167503724558	554	2	2
137438953493	554	2	2
88046829590	554	2	2
66571993112	555	2	2
45097156635	555	2	2
25769803794	555	2	2
10737418266	558	2	2
100931731480	559	2	2
42949672977	559	2	2
36507222034	559	2	2
27917287450	559	2	2
90194313240	561	2	2
53687091220	562	2	2
139586437129	563	2	2
137438953487	563	2	2
141733920783	564	2	2
113816633362	565	2	2
47244640280	565	2	2
45097156632	565	2	2
154618822658	568	2	2
32212254738	568	2	2
165356240902	570	2	2
51539607573	570	2	2
21474836504	570	2	2
6442450967	570	2	2
36507222032	571	2	2
12884901912	571	2	2
15032385560	572	2	2
8589934618	573	2	2
2147483669	574	2	2
49392123924	575	2	2
109521666066	576	2	2
111669149715	577	2	2
188978561027	578	2	2
57982058517	578	2	2
17179869209	578	2	2
2147483670	578	2	2
10737418265	579	2	2
161061273601	580	2	2
158913789958	580	2	2
139586437126	580	2	2
68719476767	580	2	2
109521666055	581	2	2
55834574866	581	2	2
23622320150	583	2	2
19327352857	583	2	2
19327352856	584	2	2
2147483668	584	2	2
150323855375	585	2	2
27917287449	586	2	2
120259084297	587	2	2
51539607572	587	2	2
105226698770	588	2	2
21474836503	589	2	2
141733920776	590	2	2
113816633355	590	2	2
178241142788	591	2	2
34359738386	591	2	2
73014444052	592	2	2
137438953484	593	2	2
40802189328	594	2	2
113816633358	595	2	2
60129542165	595	2	2
38654705679	595	2	2
161061273610	596	2	2
36507222031	596	2	2
64424509463	598	2	2
73014444055	599	2	2
70866960410	599	2	2
12884901911	599	2	2
107374182415	602	2	2
57982058515	603	2	2
23622320148	603	2	2
45097156630	604	2	2
6442450966	604	2	2
115964116999	605	2	2
94489280534	605	2	2
47244640283	605	2	2
191126044673	606	2	6
137438953483	606	2	2
47244640279	607	2	2
42949672975	607	2	2
79456894995	608	2	2
4294967319	608	2	2
96636764184	610	2	2
186831077378	611	2	2
34359738383	612	2	2
10737418264	613	2	2
27917287446	614	2	2
109521666065	615	2	2
66571993108	615	2	2
27917287448	615	2	2
17179869205	616	2	2
139586437122	617	2	2
47244640282	617	2	2
32212254736	618	2	2
8589934617	618	2	2
17179869206	621	2	2
92341796884	622	2	2
77309411351	622	2	2
23622320151	622	2	2
23622320149	623	2	2
42949672973	624	2	2
70866960408	625	2	2
17179869207	625	2	2
49392123925	628	2	2
75161927704	629	2	2
182536110082	630	2	6
45097156631	630	2	2
21474836501	630	2	2
51539607571	631	2	2
148176371713	632	2	2
38654705678	632	2	2
60129542164	634	2	2
8589934616	634	2	2
94489280530	636	2	2
36507222033	636	2	2
100931731476	637	2	2
73014444057	637	2	2
19327352855	637	2	2
171798691844	640	2	2
40802189326	640	2	2
128849018889	641	2	2
96636764177	643	2	2
75161927697	643	2	2
4294967318	644	2	2
45097156627	645	2	2
124554051586	646	2	6
38654705680	646	2	2
143881404428	647	2	2
100931731475	647	2	2
77309411344	647	2	2
25769803793	648	2	2
156766306305	649	2	6
19327352854	650	2	2
15032385559	650	2	2
148176371715	653	2	2
120259084293	654	2	2
55834574865	654	2	2
124554051599	655	2	2
111669149710	655	2	2
111669149713	656	2	2
25769803792	656	2	2
45097156628	657	2	2
53687091219	659	2	2
111669149704	660	2	2
96636764181	660	2	2
111669149706	661	2	2
100931731469	662	2	2
42949672974	662	2	2
167503724555	665	2	2
60129542162	665	2	2
49392123921	665	2	2
6442450965	665	2	2
2147483667	665	2	2
2147483666	665	2	2
100931731471	666	2	2
21474836502	666	2	2
152471339022	667	2	2
62277025812	667	2	2
45097156626	667	2	2
49392123922	668	2	2
15032385558	668	2	2
90194313237	669	2	2
53687091218	669	2	2
36507222030	669	2	2
100931731473	670	2	2
57982058514	670	2	2
178241142793	671	2	2
143881404425	672	2	2
77309411349	672	2	2
81604378642	673	2	2
40802189327	673	2	2
73014444053	674	2	2
66571993110	674	2	2
173946175492	675	2	2
30064771088	675	2	2
75161927702	676	2	2
2147483665	676	2	2
115964117009	677	2	2
141733920780	678	2	2
135291469825	679	2	2
150323855365	680	2	2
158913789959	683	2	2
171798691843	684	2	2
103079215121	684	2	2
62277025810	684	2	2
96636764175	686	2	2
8589934615	688	2	2
105226698768	690	2	2
10737418263	690	2	2
135291469832	691	2	2
126701535248	691	2	2
148176371726	692	2	2
94489280524	692	2	2
64424509457	692	2	2
180388626433	693	2	2
79456894993	694	2	2
62277025811	694	2	2
27917287444	694	2	2
32212254735	695	2	2
163208757255	696	2	2
100931731478	696	2	2
45097156629	696	2	2
143881404432	697	2	2
49392123920	699	2	2
146028888067	700	2	2
81604378643	700	2	2
47244640277	700	2	2
73014444050	701	2	2
143881404434	702	2	2
68719476763	702	2	2
42949672972	702	2	2
38654705677	702	2	2
133143986186	705	2	2
79456894996	705	2	2
184683593730	706	2	2
40802189325	706	2	2
21474836500	707	2	2
12884901910	708	2	2
98784247831	709	2	2
92341796879	709	2	2
94489280528	710	2	2
49392123923	710	2	2
156766306316	711	2	2
81604378645	711	2	2
47244640278	712	2	2
51539607570	714	2	2
27917287442	715	2	2
152471339016	716	2	2
55834574863	717	2	2
45097156624	718	2	2
10737418262	719	2	2
51539607569	720	2	2
146028888070	723	2	2
141733920774	723	2	2
47244640275	723	2	2
19327352853	723	2	2
115964116998	726	2	2
79456894998	727	2	2
40802189324	727	2	2
83751862289	728	2	2
17179869203	728	2	2
135291469828	729	2	2
45097156623	729	2	2
55834574864	730	2	2
25769803791	730	2	2
124554051588	731	2	2
23622320147	733	2	2
2147483664	733	2	2
167503724546	734	2	2
27917287445	734	2	2
161061273611	735	2	2
113816633359	735	2	2
2147483662	735	2	2
152471339018	737	2	2
98784247828	738	2	2
152471339013	740	2	2
83751862290	742	2	2
68719476761	742	2	2
47244640274	743	2	2
12884901909	743	2	2
161061273614	744	2	2
90194313230	744	2	2
130996502531	746	2	2
81604378640	747	2	2
53687091215	747	2	2
66571993104	748	2	2
17179869204	749	2	2
115964117007	750	2	2
60129542161	751	2	2
70866960406	752	2	2
107374182421	753	2	2
70866960401	753	2	2
45097156625	753	2	2
156766306314	754	2	2
21474836499	755	2	2
180388626435	756	2	2
53687091216	756	2	2
103079215125	757	2	2
98784247824	758	2	2
94489280522	758	2	2
150323855369	759	2	2
137438953473	760	2	6
120259084303	760	2	2
42949672971	760	2	2
34359738382	760	2	2
83751862292	761	2	2
53687091214	762	2	2
51539607568	762	2	2
173946175499	763	2	2
73014444049	763	2	2
47244640276	763	2	2
115964117000	764	2	2
77309411347	764	2	2
8589934613	764	2	2
4294967317	766	2	2
51539607567	768	2	2
30064771087	768	2	2
47244640273	769	2	2
111669149711	770	2	2
75161927700	770	2	2
55834574862	771	2	2
115964117004	772	2	2
25769803790	777	2	2
4294967316	778	2	2
148176371724	779	2	2
2147483661	779	2	2
161061273609	781	2	2
169651208193	783	2	6
15032385557	783	2	2
62277025809	784	2	2
53687091217	784	2	2
64424509459	785	2	2
98784247822	786	2	2
94489280531	786	2	2
27917287443	787	2	2
163208757257	789	2	2
57982058513	789	2	2
124554051597	792	2	2
79456894994	794	2	2
96636764178	795	2	2
49392123917	796	2	2
4294967315	796	2	2
2147483663	796	2	2
8589934614	798	2	2
85899345936	799	2	2
49392123918	799	2	2
152471339015	801	2	2
96636764173	801	2	2
70866960402	801	2	2
32212254734	805	2	2
79456894991	807	2	2
47244640271	808	2	2
83751862287	810	2	2
30064771086	810	2	2
19327352852	810	2	2
90194313228	811	2	2
81604378641	811	2	2
180388626440	812	2	2
161061273602	815	2	2
49392123919	816	2	2
66571993106	818	2	2
36507222029	819	2	2
111669149707	820	2	2
105226698772	820	2	2
47244640272	820	2	2
17179869202	820	2	2
57982058512	821	2	2
137438953481	822	2	2
38654705676	822	2	2
152471339011	823	2	2
100931731472	823	2	2
51539607564	823	2	2
64424509458	824	2	2
169651208194	825	2	6
15032385556	826	2	2
6442450962	828	2	2
6442450963	829	2	2
6442450961	830	2	2
107374182419	833	2	2
10737418261	835	2	2
85899345939	836	2	2
165356240900	837	2	2
12884901908	838	2	2
124554051587	839	2	2
17179869208	842	2	2
120259084292	843	2	2
156766306313	846	2	2
139586437127	847	2	2
75161927695	847	2	2
47244640270	847	2	2
165356240899	849	2	2
124554051592	849	2	2
10737418260	850	2	2
6442450960	850	2	2
2147483659	850	2	2
107374182417	855	2	2
148176371717	856	2	2
6442450959	857	2	2
45097156622	858	2	2
40802189323	858	2	2
75161927696	863	2	2
55834574861	863	2	2
32212254733	863	2	2
12884901907	863	2	2
85899345934	866	2	2
83751862288	866	2	2
79456894990	867	2	2
120259084301	868	2	2
45097156621	871	2	2
15032385555	871	2	2
77309411342	873	2	2
6442450964	873	2	2
163208757260	874	2	2
85899345937	874	2	2
77309411343	874	2	2
53687091213	874	2	2
141733920777	875	2	2
88046829583	876	2	2
68719476759	877	2	2
150323855372	878	2	2
34359738381	879	2	2
120259084294	880	2	2
27917287441	880	2	2
81604378638	881	2	2
68719476754	881	2	2
21474836498	881	2	2
107374182416	882	2	2
25769803789	882	2	2
64424509456	884	2	2
62277025808	885	2	2
23622320146	887	2	2
107374182412	888	2	2
118111600653	890	2	2
98784247825	890	2	2
42949672970	892	2	2
109521666063	893	2	2
51539607566	895	2	2
103079215114	896	2	2
66571993105	896	2	2
34359738380	898	2	2
109521666062	899	2	2
60129542159	901	2	2
19327352851	901	2	2
6442450955	901	2	2
81604378637	902	2	2
62277025807	904	2	2
2147483660	905	2	2
2147483655	907	2	2
55834574858	909	2	2
17179869201	910	2	2
21474836497	912	2	2
60129542160	913	2	2
126701535244	914	2	2
111669149708	914	2	2
107374182414	914	2	2
30064771084	914	2	2
55834574859	917	2	2
30064771085	918	2	2
124554051589	920	2	2
45097156620	920	2	2
120259084298	921	2	2
124554051595	922	2	2
70866960404	922	2	2
51539607565	922	2	2
6442450958	922	2	2
107374182410	924	2	2
4294967313	924	2	2
126701535240	926	2	2
55834574860	927	2	2
21474836496	927	2	2
53687091212	928	2	2
4294967314	932	2	2
66571993103	934	2	2
98784247820	935	2	2
23622320145	936	2	2
105226698769	937	2	2
115964117001	939	2	2
53687091211	939	2	2
73014444051	940	2	2
6442450957	943	2	2
73014444048	944	2	2
103079215122	946	2	2
77309411345	947	2	2
88046829584	948	2	2
169651208198	952	2	2
143881404422	952	2	2
36507222028	952	2	2
57982058510	954	2	2
15032385554	954	2	2
169651208196	955	2	2
8589934612	955	2	2
88046829586	956	2	2
68719476755	956	2	2
57982058509	957	2	2
19327352850	958	2	2
49392123916	960	2	2
122406567947	964	2	2
51539607563	964	2	2
148176371721	965	2	2
143881404424	965	2	2
4294967312	968	2	2
167503724552	969	2	2
32212254732	969	2	2
94489280520	971	2	2
38654705675	974	2	2
10737418259	974	2	2
57982058511	978	2	2
47244640269	978	2	2
182536110084	979	2	2
75161927698	979	2	2
88046829581	981	2	2
23622320144	984	2	2
19327352849	986	2	2
143881404417	988	2	6
90194313233	988	2	2
32212254731	992	2	2
115964117005	994	2	2
103079215118	994	2	2
2147483657	994	2	2
83751862284	995	2	2
141733920769	997	2	2
83751862285	997	2	2
118111600643	999	2	2
23622320143	1001	2	2
118111600654	1003	2	2
105226698765	1003	2	2
64424509455	1003	2	2
51539607561	1003	2	2
49392123914	1006	2	2
40802189322	1006	2	2
124554051593	1007	2	2
158913789956	1008	2	2
36507222027	1010	2	2
85899345935	1011	2	2
167503724549	1012	2	2
126701535241	1012	2	2
49392123915	1012	2	2
6442450956	1012	2	2
156766306306	1013	2	6
68719476757	1014	2	2
60129542156	1014	2	2
38654705674	1014	2	2
6442450953	1014	2	2
27917287440	1016	2	2
12884901906	1016	2	2
53687091210	1018	2	2
17179869200	1020	2	2
137438953478	1022	2	2
176093659142	1023	2	2
42949672969	1024	2	2
2147483658	1025	2	2
156766306319	1027	2	2
113816633356	1027	2	2
27917287439	1028	2	2
126701535237	1029	2	2
57982058508	1030	2	2
66571993102	1031	2	2
60129542157	1031	2	2
45097156618	1031	2	2
4294967308	1037	2	2
55834574857	1043	2	2
47244640268	1043	2	2
34359738379	1043	2	2
17179869190	1043	2	2
90194313231	1044	2	2
90194313226	1045	2	2
105226698761	1046	2	2
47244640267	1048	2	2
4294967311	1053	2	2
4294967309	1054	2	2
107374182413	1055	2	2
120259084295	1058	2	2
128849018888	1059	2	2
109521666053	1062	2	2
122406567937	1063	2	2
8589934609	1063	2	2
40802189321	1065	2	2
122406567948	1067	2	2
150323855366	1071	2	2
94489280527	1071	2	2
8589934610	1073	2	2
79456894989	1074	2	2
70866960398	1074	2	2
120259084299	1075	2	2
53687091209	1077	2	2
60129542158	1080	2	2
17179869194	1082	2	2
64424509454	1084	2	2
30064771083	1084	2	2
146028888068	1086	2	2
85899345932	1086	2	2
8589934611	1088	2	2
34359738378	1089	2	2
17179869196	1089	2	2
152471339010	1093	2	2
137438953474	1096	2	6
55834574855	1097	2	2
178241142789	1098	2	2
49392123913	1101	2	2
169651208201	1102	2	2
103079215116	1102	2	2
92341796880	1102	2	2
4294967310	1102	2	2
176093659139	1103	2	2
17179869195	1108	2	2
55834574856	1110	2	2
42949672968	1110	2	2
152471339020	1112	2	2
173946175496	1113	2	2
169651208195	1117	2	2
109521666051	1117	2	2
81604378639	1118	2	2
68719476751	1118	2	2
113816633360	1121	2	2
105226698763	1121	2	2
6442450954	1121	2	2
21474836495	1122	2	2
158913789955	1127	2	2
62277025806	1127	2	2
19327352848	1128	2	2
137438953477	1129	2	2
75161927692	1130	2	2
92341796877	1131	2	2
64424509453	1133	2	2
81604378636	1136	2	2
17179869188	1136	2	2
36507222026	1137	2	2
92341796878	1139	2	2
70866960400	1139	2	2
79456894992	1141	2	2
60129542155	1141	2	2
51539607560	1141	2	2
49392123912	1141	2	2
77309411339	1142	2	2
167503724550	1143	2	2
53687091208	1143	2	2
36507222025	1143	2	2
141733920773	1145	2	2
47244640265	1145	2	2
88046829582	1146	2	2
85899345931	1147	2	2
15032385553	1149	2	2
150323855363	1150	2	2
94489280525	1160	2	2
38654705673	1160	2	2
4294967306	1161	2	2
25769803788	1162	2	2
57982058507	1163	2	2
62277025805	1168	2	2
27917287438	1172	2	2
51539607562	1173	2	2
38654705672	1173	2	2
45097156617	1180	2	2
17179869193	1180	2	2
40802189320	1185	2	2
2147483656	1185	2	2
57982058506	1186	2	2
17179869192	1187	2	2
180388626437	1188	2	2
66571993100	1188	2	2
10737418258	1190	2	2
32212254730	1193	2	2
103079215119	1195	2	2
17179869191	1199	2	2
10737418256	1203	2	2
10737418257	1206	2	2
105226698766	1207	2	2
8589934608	1209	2	2
137438953479	1211	2	2
27917287437	1211	2	2
115964117002	1212	2	2
10737418249	1214	2	2
4294967307	1215	2	2
66571993101	1216	2	2
10737418254	1222	2	2
83751862286	1223	2	2
40802189319	1223	2	2
100931731467	1224	2	2
8589934607	1224	2	2
45097156616	1225	2	2
10737418255	1227	2	2
57982058505	1229	2	2
184683593734	1231	2	2
77309411341	1236	2	2
83751862283	1238	2	2
62277025803	1239	2	2
34359738377	1240	2	2
128849018886	1242	2	2
23622320142	1242	2	2
113816633349	1245	2	2
12884901905	1246	2	2
6442450952	1250	2	2
182536110083	1251	2	2
10737418253	1252	2	2
88046829579	1253	2	2
12884901903	1254	2	2
161061273608	1255	2	2
51539607559	1255	2	2
133143986183	1257	2	2
60129542154	1258	2	2
109521666060	1259	2	2
70866960399	1259	2	2
135291469829	1260	2	2
75161927694	1260	2	2
12884901904	1260	2	2
68719476753	1261	2	2
143881404419	1263	2	2
90194313229	1266	2	2
21474836494	1272	2	2
88046829578	1275	2	2
12884901902	1277	2	2
163208757251	1278	2	2
25769803786	1278	2	2
25769803787	1279	2	2
12884901901	1280	2	2
118111600650	1281	2	2
62277025804	1284	2	2
60129542153	1287	2	2
70866960397	1288	2	2
109521666059	1293	2	2
8589934606	1293	2	2
161061273606	1294	2	2
42949672967	1298	2	2
73014444045	1299	2	2
55834574854	1300	2	2
120259084296	1303	2	2
49392123911	1304	2	2
53687091207	1307	2	2
42949672966	1307	2	2
17179869199	1311	2	2
45097156619	1313	2	2
4294967302	1315	2	2
12884901900	1321	2	2
25769803785	1326	2	2
36507222024	1327	2	2
92341796875	1329	2	2
8589934602	1335	2	2
47244640264	1337	2	2
64424509451	1339	2	2
10737418252	1340	2	2
92341796876	1345	2	2
12884901896	1345	2	2
73014444047	1347	2	2
15032385552	1347	2	2
68719476752	1350	2	2
68719476750	1352	2	2
8589934605	1352	2	2
109521666049	1355	2	2
139586437124	1357	2	2
176093659137	1366	2	6
12884901899	1367	2	2
19327352847	1368	2	2
96636764171	1371	2	2
64424509450	1372	2	2
57982058504	1372	2	2
73014444046	1375	2	2
10737418247	1375	2	2
47244640263	1377	2	2
64424509452	1378	2	2
75161927693	1385	2	2
60129542152	1387	2	2
30064771082	1388	2	2
10737418251	1388	2	2
85899345933	1389	2	2
66571993098	1389	2	2
8589934603	1389	2	2
4294967305	1390	2	2
77309411338	1392	2	2
15032385551	1394	2	2
90194313225	1398	2	2
53687091206	1400	2	2
15032385550	1403	2	2
15032385549	1403	2	2
70866960396	1404	2	2
111669149701	1407	2	2
96636764174	1407	2	2
77309411340	1407	2	2
90194313224	1409	2	2
32212254729	1409	2	2
49392123910	1412	2	2
45097156615	1412	2	2
75161927691	1413	2	2
2147483654	1418	2	2
85899345930	1420	2	2
122406567944	1422	2	2
113816633357	1422	2	2
124554051590	1423	2	2
62277025802	1423	2	2
57982058502	1424	2	2
94489280523	1428	2	2
156766306307	1429	2	2
15032385547	1429	2	2
12884901894	1429	2	2
178241142790	1432	2	2
156766306310	1437	2	2
15032385548	1437	2	2
94489280518	1440	2	2
128849018885	1443	2	2
4294967304	1443	2	2
12884901897	1445	2	2
68719476749	1449	2	2
8589934600	1451	2	2
126701535238	1453	2	2
15032385543	1457	2	2
96636764172	1458	2	2
38654705671	1459	2	2
103079215112	1462	2	2
10737418250	1467	2	2
66571993099	1472	2	2
23622320141	1478	2	2
12884901898	1479	2	2
115964116995	1480	2	2
92341796872	1484	2	2
55834574853	1486	2	2
96636764169	1487	2	2
118111600651	1489	2	2
64424509449	1491	2	2
40802189318	1492	2	2
188978561025	1494	2	6
66571993097	1494	2	2
191126044675	1497	2	2
98784247818	1501	2	2
2147483653	1509	2	2
73014444044	1510	2	2
47244640266	1511	2	2
27917287436	1514	2	2
79456894988	1516	2	2
148176371718	1520	2	2
178241142786	1524	2	2
100931731466	1526	2	2
51539607558	1526	2	2
57982058503	1527	2	2
8589934604	1527	2	2
45097156613	1533	2	2
30064771081	1533	2	2
122406567945	1538	2	2
21474836489	1542	2	2
21474836490	1544	2	2
45097156614	1545	2	2
62277025799	1546	2	2
77309411337	1548	2	2
62277025801	1549	2	2
42949672965	1552	2	2
15032385546	1554	2	2
75161927690	1557	2	2
79456894986	1559	2	2
15032385541	1563	2	2
21474836488	1566	2	2
60129542151	1570	2	2
81604378635	1573	2	2
66571993096	1575	2	2
88046829580	1577	2	2
15032385544	1581	2	2
79456894987	1582	2	2
53687091205	1590	2	2
111669149699	1591	2	2
109521666057	1591	2	2
21474836493	1591	2	2
88046829577	1593	2	2
113816633353	1596	2	2
19327352846	1596	2	2
118111600641	1598	2	2
25769803783	1598	2	2
100931731468	1604	2	2
47244640262	1605	2	2
73014444042	1609	2	2
60129542150	1612	2	2
25769803784	1613	2	2
173946175490	1616	2	2
57982058501	1616	2	2
6442450951	1616	2	2
94489280519	1617	2	2
133143986182	1619	2	2
103079215110	1619	2	2
81604378634	1620	2	2
92341796873	1622	2	2
34359738376	1624	2	2
107374182408	1626	2	2
70866960395	1630	2	2
15032385545	1631	2	2
73014444043	1638	2	2
90194313227	1640	2	2
68719476748	1641	2	2
111669149703	1643	2	2
98784247821	1643	2	2
173946175493	1648	2	2
60129542149	1654	2	2
70866960394	1655	2	2
30064771080	1656	2	2
23622320140	1657	2	2
81604378633	1664	2	2
143881404418	1669	2	6
98784247819	1669	2	2
141733920770	1670	2	2
62277025800	1670	2	2
109521666056	1672	2	2
68719476747	1673	2	2
64424509448	1673	2	2
21474836484	1674	2	2
113816633351	1677	2	2
96636764170	1677	2	2
98784247816	1680	2	2
143881404420	1682	2	2
161061273603	1685	2	2
53687091204	1687	2	2
171798691841	1696	2	6
32212254728	1696	2	2
36507222023	1698	2	2
178241142787	1703	2	2
105226698759	1704	2	2
115964116993	1707	2	6
77309411336	1707	2	2
34359738375	1709	2	2
10737418248	1711	2	2
66571993095	1716	2	2
19327352843	1716	2	2
47244640260	1723	2	2
51539607557	1724	2	2
4294967303	1724	2	2
47244640261	1728	2	2
19327352842	1729	2	2
8589934601	1730	2	2
19327352845	1731	2	2
62277025798	1732	2	2
49392123909	1735	2	2
6442450950	1736	2	2
83751862282	1738	2	2
19327352841	1738	2	2
32212254727	1742	2	2
55834574852	1745	2	2
163208757254	1752	2	2
137438953475	1752	2	2
120259084289	1753	2	6
135291469826	1754	2	2
25769803782	1757	2	2
21474836492	1759	2	2
30064771079	1764	2	2
150323855361	1765	2	6
6442450949	1765	2	2
94489280521	1766	2	2
64424509447	1769	2	2
182536110081	1775	2	6
111669149702	1776	2	2
21474836487	1776	2	2
19327352844	1779	2	2
75161927689	1781	2	2
135291469830	1785	2	2
83751862280	1785	2	2
62277025796	1788	2	2
19327352837	1789	2	2
12884901895	1793	2	2
96636764166	1795	2	2
79456894985	1801	2	2
68719476745	1802	2	2
57982058500	1805	2	2
79456894983	1811	2	2
165356240897	1813	2	6
21474836486	1814	2	2
115964116997	1816	2	2
66571993094	1818	2	2
49392123908	1818	2	2
51539607556	1821	2	2
2147483652	1822	2	2
100931731460	1824	2	2
100931731464	1827	2	2
113816633354	1831	2	2
128849018883	1832	2	2
49392123907	1832	2	2
21474836485	1832	2	2
21474836491	1840	2	2
83751862281	1841	2	2
32212254726	1843	2	2
17179869198	1846	2	2
124554051585	1847	2	6
105226698757	1851	2	2
36507222022	1851	2	2
60129542148	1855	2	2
17179869189	1858	2	2
38654705670	1871	2	2
139586437123	1872	2	2
96636764167	1874	2	2
81604378630	1874	2	2
184683593731	1878	2	2
173946175491	1878	2	2
55834574851	1884	2	2
64424509446	1885	2	2
75161927688	1886	2	2
113816633347	1887	2	2
68719476744	1887	2	2
27917287435	1888	2	2
17179869197	1889	2	2
152471339012	1894	2	2
77309411335	1894	2	2
23622320139	1902	2	2
92341796874	1908	2	2
21474836482	1909	2	2
85899345929	1913	2	2
40802189317	1913	2	2
81604378632	1915	2	2
180388626434	1916	2	2
103079215108	1916	2	2
70866960391	1922	2	2
126701535242	1923	2	2
100931731465	1923	2	2
94489280515	1924	2	2
68719476746	1928	2	2
34359738374	1928	2	2
19327352840	1928	2	2
79456894984	1934	2	2
10737418246	1941	2	2
103079215115	1946	2	2
38654705669	1946	2	2
70866960392	1947	2	2
23622320137	1948	2	2
90194313221	1952	2	2
133143986180	1954	2	2
23622320136	1954	2	2
19327352838	1954	2	2
45097156612	1958	2	2
8589934599	1960	2	2
73014444041	1963	2	2
8589934596	1967	2	2
118111600647	1976	2	2
107374182407	1980	2	2
15032385542	1980	2	2
25769803781	1982	2	2
184683593729	1996	2	6
70866960393	2000	2	2
85899345927	2003	2	2
23622320138	2015	2	2
158913789953	2021	2	6
122406567942	2023	2	2
122406567941	2025	2	2
148176371714	2028	2	2
42949672964	2030	2	2
118111600645	2032	2	2
113816633345	2034	2	2
27917287434	2034	2	2
120259084291	2035	2	2
118111600648	2036	2	2
19327352839	2036	2	2
19327352835	2036	2	2
68719476743	2041	2	2
85899345928	2042	2	2
32212254725	2046	2	2
98784247817	2048	2	2
64424509445	2048	2	2
34359738373	2049	2	2
53687091203	2053	2	2
60129542147	2056	2	2
4294967301	2060	2	2
83751862279	2062	2	2
66571993093	2062	2	2
62277025797	2062	2	2
98784247814	2063	2	2
167503724547	2066	2	2
62277025795	2070	2	2
90194313223	2073	2	2
12884901893	2074	2	2
81604378631	2076	2	2
115964116996	2077	2	2
98784247813	2078	2	2
94489280517	2083	2	2
128849018882	2087	2	2
126701535233	2089	2	6
51539607554	2092	2	2
36507222021	2100	2	2
68719476742	2116	2	2
23622320135	2116	2	2
8589934598	2116	2	2
17179869187	2121	2	2
25769803779	2131	2	2
4294967300	2136	2	2
122406567939	2137	2	2
146028888065	2139	2	6
83751862277	2139	2	2
70866960390	2139	2	2
126701535235	2141	2	2
40802189316	2141	2	2
6442450948	2144	2	2
107374182409	2145	2	2
55834574850	2148	2	2
53687091202	2149	2	2
103079215113	2151	2	2
105226698762	2156	2	2
23622320132	2162	2	2
51539607555	2165	2	2
100931731463	2174	2	2
66571993091	2174	2	2
133143986179	2175	2	2
85899345924	2178	2	2
64424509443	2179	2	2
68719476741	2183	2	2
42949672963	2185	2	2
92341796871	2196	2	2
64424509444	2200	2	2
23622320131	2200	2	2
70866960389	2204	2	2
32212254724	2205	2	2
88046829576	2208	2	2
66571993092	2212	2	2
120259084290	2216	2	2
47244640259	2216	2	2
79456894982	2222	2	2
105226698755	2231	2	2
83751862278	2235	2	2
73014444040	2235	2	2
57982058499	2237	2	2
30064771078	2251	2	2
105226698760	2256	2	2
75161927686	2260	2	2
30064771077	2265	2	2
85899345926	2266	2	2
88046829575	2267	2	2
53687091201	2270	2	2
77309411333	2278	2	2
107374182405	2279	2	2
23622320134	2293	2	2
49392123906	2294	2	2
75161927685	2296	2	2
90194313222	2299	2	2
45097156611	2308	2	2
38654705668	2311	2	2
88046829574	2321	2	2
32212254723	2325	2	2
6442450947	2325	2	2
62277025794	2327	2	2
70866960388	2328	2	2
36507222020	2329	2	2
75161927687	2338	2	2
94489280516	2342	2	2
96636764168	2344	2	2
77309411334	2346	2	2
126701535239	2357	2	2
2147483651	2362	2	2
15032385540	2378	2	2
81604378629	2380	2	2
109521666054	2384	2	2
25769803780	2396	2	2
2147483650	2398	2	2
25769803778	2402	2	2
94489280514	2403	2	2
90194313220	2409	2	2
68719476740	2410	2	2
57982058498	2410	2	2
77309411332	2412	2	2
55834574849	2412	2	2
23622320133	2416	2	2
107374182406	2430	2	2
27917287431	2434	2	2
85899345925	2450	2	2
40802189315	2450	2	2
73014444039	2464	2	2
73014444038	2472	2	2
30064771076	2481	2	2
139586437121	2486	2	6
64424509442	2489	2	2
111669149697	2492	2	6
27917287430	2495	2	2
107374182401	2497	2	6
34359738372	2502	2	2
94489280513	2515	2	2
60129542146	2517	2	2
178241142785	2518	2	6
103079215111	2520	2	2
27917287433	2521	2	2
79456894981	2524	2	2
27917287432	2525	2	2
100931731461	2526	2	2
96636764165	2526	2	2
66571993090	2537	2	2
75161927684	2545	2	2
38654705667	2545	2	2
105226698758	2551	2	2
34359738371	2562	2	2
70866960387	2566	2	2
88046829571	2567	2	2
8589934597	2568	2	2
111669149700	2575	2	2
51539607553	2576	2	2
10737418243	2581	2	2
100931731462	2599	2	2
83751862276	2606	2	2
68719476738	2619	2	2
90194313219	2622	2	2
4294967299	2624	2	2
141733920771	2642	2	2
10737418245	2645	2	2
92341796869	2646	2	2
88046829573	2654	2	2
81604378628	2655	2	2
103079215107	2657	2	2
42949672962	2666	2	2
68719476739	2670	2	2
75161927683	2671	2	2
21474836483	2675	2	2
92341796870	2678	2	2
27917287429	2687	2	2
105226698754	2689	2	2
135291469827	2699	2	2
77309411331	2706	2	2
73014444037	2711	2	2
36507222019	2719	2	2
12884901892	2729	2	2
47244640258	2731	2	2
107374182404	2740	2	2
133143986177	2751	2	6
19327352836	2759	2	2
98784247815	2774	2	2
12884901890	2779	2	2
118111600644	2780	2	2
77309411330	2790	2	2
49392123905	2801	2	2
109521666052	2803	2	2
60129542145	2804	2	2
40802189314	2815	2	2
36507222018	2817	2	2
92341796865	2819	2	6
45097156610	2825	2	2
126701535236	2854	2	2
79456894980	2857	2	2
88046829572	2868	2	2
30064771075	2876	2	2
10737418244	2881	2	2
70866960386	2887	2	2
103079215106	2894	2	2
75161927682	2898	2	2
25769803777	2905	2	2
113816633350	2914	2	2
34359738370	2915	2	2
32212254722	2927	2	2
92341796868	2932	2	2
90194313217	2932	2	2
85899345923	2935	2	2
122406567938	2937	2	2
98784247812	2973	2	2
57982058497	2977	2	2
6442450946	2980	2	2
111669149698	2987	2	2
4294967297	2990	2	2
27917287428	2992	2	2
115964116994	2997	2	2
70866960385	3000	2	2
64424509441	3009	2	2
90194313218	3012	2	2
66571993089	3019	2	2
8589934595	3019	2	2
73014444034	3035	2	2
79456894979	3037	2	2
73014444036	3042	2	2
68719476737	3044	2	2
109521666050	3060	2	2
77309411329	3077	2	
23622320129	3079	2	
113816633348	3086	2	
81604378627	3115	2	
12884901891	3150	2	
83751862275	3223	2	
85899345922	3226	2	
36507222017	3229	2	
92341796867	3237	2	
42949672961	3245	2	
27917287425	3261	2	
62277025793	3264	2	
107374182403	3270	2	
27917287426	3275	2	
96636764163	3289	2	
88046829570	3304	2	
96636764164	3309	2	
103079215109	3316	2	
2147483649	3339	2	
30064771074	3341	2	
73014444035	3345	2	
17179869186	3348	2	
81604378626	3353	2	
107374182402	3362	2	
15032385539	3368	2	
4294967298	3385	2	
75161927681	3425	2	
27917287427	3431	2	
38654705666	3438	2	
105226698756	3448	2	
19327352834	3461	2	
79456894978	3467	2	
32212254721	3484	2	
100931731457	3513	2	
8589934594	3519	2	
105226698753	3530	2	
73014444033	3536	2	
23622320130	3539	2	
15032385537	3543	2	
47244640257	3550	2	
118111600642	3566	2	
30064771073	3576	2	
83751862274	3609	2	
92341796866	3612	2	
6442450945	3612	2	
21474836481	3632	2	
10737418242	3647	2	
34359738369	3727	2	
100931731458	3732	2	
96636764162	3742	2	
40802189313	3743	2	
100931731459	3744	2	
17179869185	3759	2	
85899345921	3781	2	
83751862273	3808	2	
38654705665	3811	2	
98784247810	3872	2	
98784247811	3885	2	
15032385538	3925	2	
81604378625	3929	2	
113816633346	3980	2	
79456894977	4210	2	
12884901889	4249	2	
10737418241	4268	2	
103079215105	4325	2	
96636764161	4369	2	
88046829569	4478	2	
8589934593	4509	2	
19327352833	4559	2	
98784247809	4667	2	
45097156609	5032	2	
