62277025816
64424509464
115964116993
6442450946
47244640257
8589934684
154618822657
42949672961
57982058497
173946175490
45097156609
2147483740
55834574849
2147483680
2147483681
2147483682
2147483683
2147483684
2147483685
2147483686
2147483687
2147483689
2147483700
2147483701
2147483702
2147483703
2147483704
2147483705
2147483706
2147483707
2147483708
4294967312
4294967313
4294967314
4294967321
4294967322
4294967323
4294967324
4294967325
4294967326
4294967327
4294967328
4294967329
4294967330
4294967331
4294967332
4294967333
4294967334
4294967347
4294967349
4294967350
4294967351
4294967352
4294967353
4294967354
6442450962
6442450968
6442450969
6442450970
6442450971
6442450972
6442450973
6442450974
6442450975
6442450976
6442450977
6442450978
6442450979
6442450980
6442450981
6442450982
6442450995
6442450996
6442450998
6442450999
6442451000
6442451001
6442451002
6442451003
6442451004
8589934609
8589934610
8589934616
8589934617
8589934618
8589934619
8589934620
8589934621
8589934622
8589934623
8589934624
8589934625
8589934626
8589934627
8589934628
8589934629
8589934630
8589934632
8589934643
8589934644
8589934645
8589934646
8589934648
8589934651
8589934652
8589934653
10737418266
10737418267
10737418268
10737418269
10737418270
10737418271
10737418272
10737418273
10737418274
10737418275
10737418276
10737418277
10737418278
10737418292
10737418293
10737418294
10737418295
10737418299
12884901913
12884901914
12884901915
12884901916
12884901917
12884901918
12884901919
12884901920
12884901921
12884901922
12884901923
12884901924
12884901939
12884901940
12884901942
12884901944
12884901946
12884901948
12884901949
15032385563
15032385564
15032385565
15032385566
15032385567
15032385568
15032385569
15032385571
15032385572
15032385573
15032385575
17179869212
17179869214
17179869215
17179869216
17179869217
17179869218
17179869219
17179869220
17179869221
17179869223
17179869224
17179869242
19327352859
19327352860
19327352861
19327352862
19327352863
19327352864
19327352865
19327352866
19327352867
19327352868
19327352869
19327352870
19327352871
19327352872
19327352891
21474836507
21474836508
21474836509
21474836510
21474836513
21474836516
21474836518
21474836519
21474836538
21474836541
23622320158
23622320159
23622320162
23622320163
23622320165
23622320166
23622320167
23622320168
23622320186
23622320188
23622320189
25769803792
25769803808
25769803809
25769803810
25769803811
25769803812
25769803813
25769803814
25769803833
25769803835
25769803836
25769803838
27917287438
27917287452
27917287454
27917287456
27917287457
27917287458
27917287459
27917287460
27917287461
27917287462
27917287480
27917287481
27917287482
27917287483
27917287484
27917287485
30064771085
30064771086
30064771103
30064771104
30064771105
30064771106
30064771107
30064771108
30064771109
30064771110
30064771111
30064771127
30064771128
30064771129
30064771130
30064771131
30064771132
30064771133
30064771134
32212254733
32212254734
32212254735
32212254749
32212254751
32212254752
32212254754
32212254755
32212254756
32212254757
32212254758
32212254759
32212254774
32212254775
32212254776
32212254777
32212254778
32212254779
32212254780
32212254781
32212254782
34359738381
34359738382
34359738383
34359738384
34359738399
34359738400
34359738401
34359738402
34359738403
34359738404
34359738405
34359738407
34359738408
34359738421
34359738422
34359738423
34359738424
34359738425
34359738426
34359738428
34359738429
34359738430
36507222034
36507222047
36507222048
36507222049
36507222050
36507222051
36507222052
36507222053
36507222054
36507222055
36507222069
36507222070
36507222071
36507222072
36507222073
36507222074
36507222075
36507222078
38654705678
38654705679
38654705680
38654705681
38654705695
38654705696
38654705697
38654705698
38654705699
38654705700
38654705701
38654705702
38654705704
38654705716
38654705717
38654705718
38654705719
38654705720
38654705721
38654705722
38654705723
38654705724
38654705725
38654705727
38654705728
40802189324
40802189325
40802189326
40802189341
40802189342
40802189344
40802189346
40802189347
40802189348
40802189349
40802189350
40802189351
40802189352
40802189353
40802189364
40802189365
40802189366
40802189367
40802189368
40802189369
40802189370
40802189371
40802189372
40802189373
40802189374
42949672973
42949672974
42949672975
42949672989
42949672991
42949672992
42949672993
42949672994
42949672995
42949672996
42949672997
42949672998
42949672999
42949673000
42949673001
42949673011
42949673012
42949673013
42949673014
42949673015
42949673016
42949673018
42949673019
42949673022
42949673023
42949673025
42949673027
42949673031
45097156621
45097156622
45097156623
45097156638
45097156639
45097156640
45097156641
45097156642
45097156643
45097156644
45097156645
45097156646
45097156647
45097156659
45097156660
45097156661
45097156662
45097156663
45097156664
45097156665
45097156666
45097156667
45097156668
45097156670
45097156671
45097156672
45097156673
45097156674
45097156683
47244640286
47244640287
47244640288
47244640289
47244640290
47244640291
47244640292
47244640293
47244640294
47244640306
47244640307
47244640308
47244640309
47244640310
47244640312
47244640313
47244640314
47244640315
47244640317
47244640319
47244640320
47244640321
47244640322
49392123920
49392123934
49392123935
49392123936
49392123937
49392123938
49392123939
49392123940
49392123941
49392123942
49392123944
49392123954
49392123955
49392123956
49392123957
49392123958
49392123959
49392123960
49392123961
49392123962
49392123963
49392123964
49392123965
49392123966
49392123967
49392123968
49392123969
49392123970
51539607581
51539607584
51539607586
51539607587
51539607588
51539607589
51539607590
51539607591
51539607604
51539607605
51539607606
51539607607
51539607608
51539607609
51539607610
51539607611
51539607612
51539607613
51539607614
51539607615
51539607616
51539607617
51539607618
51539607619
53687091216
53687091233
53687091234
53687091235
53687091236
53687091237
53687091238
53687091239
53687091241
53687091251
53687091252
53687091253
53687091254
53687091255
53687091256
53687091257
53687091258
53687091259
53687091260
53687091261
53687091262
53687091263
53687091264
53687091265
53687091266
55834574880
55834574881
55834574882
55834574883
55834574884
55834574885
55834574886
55834574887
55834574888
55834574898
55834574900
55834574901
55834574902
55834574903
55834574904
55834574905
55834574906
55834574907
55834574908
55834574909
55834574910
55834574911
55834574912
55834574913
55834574914
55834574915
55834574917
57982058529
57982058530
57982058531
57982058532
57982058533
57982058534
57982058536
57982058537
57982058538
57982058539
57982058546
57982058547
57982058548
57982058549
57982058550
57982058551
57982058552
57982058553
57982058554
57982058555
57982058556
57982058557
57982058558
57982058559
57982058560
57982058561
57982058562
57982058563
57982058564
57982058565
60129542175
60129542176
60129542177
60129542178
60129542179
60129542180
60129542181
60129542182
60129542183
60129542184
60129542185
60129542186
60129542187
60129542193
60129542195
60129542196
60129542197
60129542198
60129542199
60129542200
60129542201
60129542202
60129542203
60129542204
60129542205
60129542206
60129542207
60129542208
60129542209
60129542210
60129542211
60129542212
62277025824
62277025825
62277025826
62277025827
62277025828
62277025829
62277025830
62277025831
62277025832
62277025833
62277025834
62277025835
62277025842
62277025843
62277025844
62277025845
62277025846
62277025847
62277025848
62277025849
62277025850
62277025851
62277025852
62277025853
62277025854
62277025855
62277025856
62277025857
62277025858
62277025859
64424509472
64424509473
64424509474
64424509475
64424509476
64424509477
64424509478
64424509480
64424509481
64424509482
64424509483
64424509490
64424509491
64424509492
64424509493
64424509494
64424509495
64424509496
64424509497
64424509498
64424509499
64424509500
64424509501
64424509502
64424509503
64424509504
64424509505
64424509506
66571993119
66571993120
66571993121
66571993122
66571993123
66571993124
66571993125
66571993126
66571993127
66571993129
66571993130
66571993137
66571993138
66571993139
66571993140
66571993141
66571993142
66571993143
66571993144
66571993145
66571993146
66571993147
66571993148
66571993149
66571993150
66571993151
66571993152
66571993153
68719476769
68719476770
68719476771
68719476772
68719476773
68719476774
68719476775
68719476776
68719476777
68719476778
68719476785
68719476786
68719476787
68719476788
68719476789
68719476790
68719476791
68719476792
68719476793
68719476794
68719476795
68719476796
68719476797
68719476798
68719476799
68719476800
70866960415
70866960416
70866960417
70866960418
70866960419
70866960420
70866960421
70866960422
70866960423
70866960424
70866960425
70866960426
70866960431
70866960432
70866960433
70866960434
70866960435
70866960436
70866960437
70866960438
70866960439
70866960440
70866960441
70866960442
70866960443
70866960444
70866960445
70866960446
70866960447
73014444064
73014444065
73014444066
73014444067
73014444068
73014444069
73014444070
73014444071
73014444072
73014444075
73014444079
73014444081
73014444082
73014444083
73014444084
73014444085
73014444086
73014444087
73014444088
73014444089
73014444090
73014444091
73014444092
73014444093
73014444094
75161927711
75161927712
75161927713
75161927714
75161927715
75161927716
75161927717
75161927718
75161927719
75161927720
75161927721
75161927722
75161927725
75161927726
75161927727
75161927728
75161927730
75161927731
75161927732
75161927733
75161927734
75161927735
75161927736
75161927737
75161927738
75161927739
75161927740
75161927741
77309411345
77309411346
77309411359
77309411361
77309411362
77309411363
77309411364
77309411365
77309411366
77309411367
77309411368
77309411369
77309411371
77309411372
77309411376
77309411377
77309411378
77309411379
77309411380
77309411381
77309411382
77309411383
77309411384
77309411385
77309411386
77309411387
77309411388
79456895008
79456895009
79456895010
79456895011
79456895012
79456895013
79456895014
79456895015
79456895016
79456895018
79456895019
79456895020
79456895022
79456895027
79456895028
79456895029
79456895030
79456895031
79456895032
79456895033
79456895034
79456895035
81604378640
81604378655
81604378656
81604378657
81604378658
81604378659
81604378660
81604378661
81604378662
81604378663
81604378664
81604378665
81604378666
81604378667
81604378669
81604378673
81604378674
81604378675
81604378676
81604378677
81604378678
81604378679
81604378680
81604378681
81604378682
83751862287
83751862303
83751862304
83751862305
83751862306
83751862307
83751862308
83751862309
83751862310
83751862311
83751862314
83751862324
83751862326
83751862327
83751862328
83751862329
85899345952
85899345953
85899345954
85899345955
85899345956
85899345957
85899345958
85899345959
85899345960
85899345961
85899345974
85899345975
85899345976
88046829598
88046829599
88046829600
88046829601
88046829602
88046829603
88046829604
88046829606
88046829607
88046829608
90194313246
90194313248
90194313249
90194313250
90194313251
90194313253
90194313255
92341796894
92341796897
92341796898
92341796900
92341796902
92341796912
94489280544
94489280545
94489280546
94489280547
94489280548
94489280549
94489280552
94489280553
96636764190
96636764191
96636764192
96636764193
96636764194
96636764195
96636764196
96636764197
96636764200
98784247838
98784247839
98784247840
98784247841
98784247842
98784247843
98784247844
98784247846
98784247847
100931731472
100931731486
100931731487
100931731488
100931731489
100931731490
100931731491
100931731493
100931731494
100931731495
100931731496
100931731497
103079215132
103079215133
103079215134
103079215135
103079215136
103079215137
103079215140
103079215141
103079215142
103079215143
103079215144
105226698781
105226698782
105226698783
105226698784
105226698787
105226698788
105226698789
105226698790
105226698791
107374182416
107374182429
107374182430
107374182431
107374182432
107374182433
107374182434
107374182436
107374182438
107374182439
107374182440
107374182441
107374182442
109521666076
109521666077
109521666078
109521666079
109521666081
109521666082
109521666083
109521666084
109521666085
109521666087
109521666088
111669149726
111669149727
111669149728
111669149729
111669149730
111669149731
111669149732
111669149733
111669149734
111669149735
111669149736
111669149737
111669149738
111669149739
113816633375
113816633376
113816633377
113816633378
113816633379
113816633380
113816633381
113816633382
113816633383
113816633384
113816633385
113816633386
115964117023
115964117024
115964117026
115964117028
115964117029
115964117030
115964117031
115964117032
115964117033
115964117034
118111600670
118111600671
118111600672
118111600673
118111600674
118111600675
118111600676
118111600677
118111600678
118111600679
118111600680
118111600681
120259084318
120259084319
120259084320
120259084321
120259084322
120259084323
120259084324
120259084325
120259084326
120259084327
120259084328
122406567965
122406567966
122406567967
122406567968
122406567969
122406567970
122406567971
122406567972
122406567973
122406567974
122406567975
124554051612
124554051614
124554051616
124554051617
124554051618
124554051619
124554051620
124554051621
124554051622
126701535260
126701535263
126701535264
126701535265
126701535266
126701535267
126701535268
126701535269
128849018911
128849018912
128849018913
128849018915
128849018916
130996502558
130996502559
130996502561
130996502563
133143986207
133143986209
133143986210
135291469855
135291469856
135291469857
191126044673
4294967389
201863462913
4294967297
23622320129
2147483649
182536110081
204010946561
188978561025
186831077377
