pair_id	rows	cols	config
62277025816	69	2	6
64424509464	94	2	6
2147483666	15	2	3
2147483688	15	2	3
2147483699	15	2	3
2147483711	15	2	3
4294967310	15	2	3
4294967348	15	2	3
4294967356	15	2	3
8589934647	15	2	3
8589934650	15	2	3
10737418291	15	2	3
10737418298	15	2	3
12884901938	15	2	3
12884901943	15	2	3
15032385570	15	2	3
15032385595	15	2	3
17179869213	15	2	3
17179869222	15	2	3
17179869244	15	2	3
23622320157	15	2	3
23622320187	15	2	3
25769803791	15	2	3
25769803815	15	2	3
27917287439	15	2	3
27917287455	15	2	3
30064771087	15	2	3
30064771088	15	2	3
32212254753	15	2	3
32212254761	15	2	3
32212254783	15	2	3
32212254784	15	2	3
34359738385	15	2	3
34359738397	15	2	3
34359738398	15	2	3
34359738406	15	2	3
36507222032	15	2	3
36507222077	15	2	3
36507222092	15	2	3
40802189323	15	2	3
40802189327	15	2	3
40802189345	15	2	3
40802189386	15	2	3
40802189389	15	2	3
42949673020	15	2	3
42949673021	15	2	3
42949673024	15	2	3
42949673034	15	2	3
42949673036	15	2	3
45097156636	15	2	3
45097156669	15	2	3
45097156675	15	2	3
47244640268	15	2	3
49392123916	15	2	3
49392123917	15	2	3
49392123943	15	2	3
51539607566	15	2	3
51539607583	15	2	3
51539607585	15	2	3
51539607603	15	2	3
53687091231	15	2	3
53687091240	15	2	3
55834574899	15	2	3
57982058535	15	2	3
64424509479	15	2	3
66571993128	15	2	3
66571993131	15	2	3
68719476767	15	2	3
70866960427	15	2	3
73014444073	15	2	3
75161927698	15	2	3
75161927710	15	2	3
75161927729	15	2	3
77309411344	15	2	3
77309411358	15	2	3
79456894992	15	2	3
79456894994	15	2	3
79456895021	15	2	3
81604378668	15	2	3
83751862302	15	2	3
83751862312	15	2	3
85899345962	15	2	3
85899345963	15	2	3
90194313252	15	2	3
92341796895	15	2	3
94489280528	15	2	3
94489280543	15	2	3
96636764198	15	2	3
96636764201	15	2	3
98784247837	15	2	3
100931731485	15	2	3
103079215138	15	2	3
103079215145	15	2	3
103079215146	15	2	3
105226698785	15	2	3
105226698792	15	2	3
105226698793	15	2	3
105226698794	15	2	3
107374182435	15	2	3
107374182437	15	2	3
109521666080	15	2	3
109521666086	15	2	3
111669149740	15	2	3
124554051611	15	2	3
128849018910	15	2	3
128849018914	15	2	3
130996502544	15	2	3
130996502560	15	2	3
137438953503	15	2	3
137438953504	15	2	3
2147483663	16	2	3
2147483709	16	2	3
6442450983	16	2	3
6442451005	16	2	3
8589934642	16	2	3
10737418290	16	2	3
10737418300	16	2	3
17179869211	16	2	3
17179869238	16	2	3
19327352858	16	2	3
21474836517	16	2	3
23622320161	16	2	3
23622320164	16	2	3
25769803807	16	2	3
25769803834	16	2	3
25769803837	16	2	3
32212254750	16	2	3
32212254785	16	2	3
32212254786	16	2	3
34359738380	16	2	3
36507222033	16	2	3
36507222046	16	2	3
36507222068	16	2	3
36507222093	16	2	3
38654705677	16	2	3
38654705692	16	2	3
38654705703	16	2	3
38654705741	16	2	3
40802189328	16	2	3
40802189343	16	2	3
40802189363	16	2	3
42949672972	16	2	3
42949672990	16	2	3
42949673010	16	2	3
42949673026	16	2	3
42949673029	16	2	3
45097156620	16	2	3
47244640267	16	2	3
47244640269	16	2	3
47244640311	16	2	3
47244640316	16	2	3
47244640318	16	2	3
51539607592	16	2	3
53687091232	16	2	3
53687091250	16	2	3
53687091267	16	2	3
57982058528	16	2	3
60129542194	16	2	3
62277025823	16	2	3
64424509471	16	2	3
64424509489	16	2	3
66571993118	16	2	3
68719476784	16	2	3
73014444051	16	2	3
73014444062	16	2	3
75161927709	16	2	3
77309411360	16	2	3
79456894991	16	2	3
79456895017	16	2	3
79456895026	16	2	3
81604378654	16	2	3
83751862286	16	2	3
83751862316	16	2	3
85899345950	16	2	3
85899345973	16	2	3
88046829623	16	2	3
90194313247	16	2	3
90194313254	16	2	3
90194313257	16	2	3
92341796896	16	2	3
92341796899	16	2	3
92341796904	16	2	3
92341796906	16	2	3
92341796907	16	2	3
94489280551	16	2	3
94489280556	16	2	3
96636764189	16	2	3
96636764199	16	2	3
98784247845	16	2	3
100931731484	16	2	3
103079215119	16	2	3
105226698766	16	2	3
105226698767	16	2	3
105226698769	16	2	3
105226698786	16	2	3
109521666091	16	2	3
113816633374	16	2	3
113816633387	16	2	3
115964117025	16	2	3
120259084317	16	2	3
122406567964	16	2	3
126701535261	16	2	3
133143986191	16	2	3
139586437151	16	2	3
2147483668	17	2	3
4294967357	17	2	3
4294967358	17	2	3
4294967359	17	2	3
6442450959	17	2	3
10737418256	17	2	3
10737418257	17	2	3
10737418265	17	2	3
10737418279	17	2	3
15032385589	17	2	3
17179869225	17	2	3
19327352892	17	2	3
21474836521	17	2	3
21474836537	17	2	3
21474836540	17	2	3
23622320144	17	2	3
23622320156	17	2	3
23622320160	17	2	3
25769803816	17	2	3
25769803839	17	2	3
27917287449	17	2	3
27917287451	17	2	3
32212254760	17	2	3
34359738427	17	2	3
34359738431	17	2	3
36507222079	17	2	3
36507222095	17	2	3
38654705739	17	2	3
40802189329	17	2	3
40802189375	17	2	3
40802189380	17	2	3
40802189383	17	2	3
42949673030	17	2	3
45097156637	17	2	3
45097156676	17	2	3
47244640296	17	2	3
49392123932	17	2	3
49392123971	17	2	3
49392123972	17	2	3
51539607564	17	2	3
51539607565	17	2	3
51539607568	17	2	3
53687091214	17	2	3
53687091215	17	2	3
53687091249	17	2	3
55834574889	17	2	3
57982058510	17	2	3
66571993136	17	2	3
73014444063	17	2	3
73014444080	17	2	3
75161927697	17	2	3
77309411343	17	2	3
77309411348	17	2	3
77309411373	17	2	3
79456895023	17	2	3
85899345951	17	2	3
88046829605	17	2	3
90194313245	17	2	3
90194313256	17	2	3
92341796903	17	2	3
92341796908	17	2	3
94489280541	17	2	3
94489280555	17	2	3
96636764211	17	2	3
103079215131	17	2	3
103079215139	17	2	3
103079215147	17	2	3
103079215148	17	2	3
105226698780	17	2	3
107374182443	17	2	3
115964117021	17	2	3
118111600667	17	2	3
122406567952	17	2	3
122406567963	17	2	3
124554051599	17	2	3
124554051609	17	2	3
124554051610	17	2	3
126701535246	17	2	3
130996502562	17	2	3
133143986205	17	2	3
133143986206	17	2	3
135291469853	17	2	3
139586437147	17	2	3
141733920797	17	2	3
141733920798	17	2	3
2147483662	18	2	3
6442450958	18	2	3
6442450997	18	2	3
8589934649	18	2	3
12884901903	18	2	3
12884901945	18	2	3
12884901947	18	2	3
15032385593	18	2	3
15032385594	18	2	3
17179869245	18	2	3
21474836498	18	2	3
21474836506	18	2	3
21474836511	18	2	3
21474836520	18	2	3
25769803802	18	2	3
25769803804	18	2	3
27917287440	18	2	3
27917287463	18	2	3
30064771137	18	2	3
32212254737	18	2	3
34359738433	18	2	3
36507222030	18	2	3
36507222056	18	2	3
36507222057	18	2	3
36507222067	18	2	3
38654705730	18	2	3
42949672976	18	2	3
42949673028	18	2	3
45097156624	18	2	3
45097156648	18	2	3
45097156649	18	2	3
45097156682	18	2	3
47244640271	18	2	3
47244640295	18	2	3
47244640323	18	2	3
47244640324	18	2	3
49392123919	18	2	3
51539607582	18	2	3
51539607602	18	2	3
53687091211	18	2	3
53687091217	18	2	3
55834574864	18	2	3
55834574865	18	2	3
55834574866	18	2	3
55834574916	18	2	3
66571993117	18	2	3
68719476766	18	2	3
70866960403	18	2	3
70866960404	18	2	3
70866960428	18	2	3
75161927724	18	2	3
77309411347	18	2	3
77309411357	18	2	3
81604378641	18	2	3
81604378670	18	2	3
83751862322	18	2	3
85899345933	18	2	3
85899345971	18	2	3
88046829609	18	2	3
90194313264	18	2	3
96636764175	18	2	3
98784247823	18	2	3
100931731500	18	2	3
111669149724	18	2	3
113816633372	18	2	3
115964117022	18	2	3
118111600669	18	2	3
124554051613	18	2	3
128849018908	18	2	3
128849018909	18	2	3
130996502555	18	2	3
137438953502	18	2	3
139586437148	18	2	3
152471339026	18	2	3
152471339027	18	2	3
152471339028	18	2	3
154618822673	18	2	3
4294967346	19	2	3
10737418296	19	2	3
12884901904	19	2	3
12884901926	19	2	3
15032385596	19	2	3
17179869239	19	2	3
17179869240	19	2	3
19327352873	19	2	3
21474836542	19	2	3
23622320145	19	2	3
23622320153	19	2	3
23622320201	19	2	3
25769803793	19	2	3
27917287493	19	2	3
30064771125	19	2	3
32212254773	19	2	3
34359738387	19	2	3
36507222080	19	2	3
38654705715	19	2	3
40802189376	19	2	3
40802189382	19	2	3
42949672988	19	2	3
42949673032	19	2	3
45097156677	19	2	3
47244640270	19	2	3
51539607620	19	2	3
53687091268	19	2	3
57982058511	19	2	3
60129542192	19	2	3
64424509470	19	2	3
68719476779	19	2	3
73014444049	19	2	3
77309411374	19	2	3
77309411375	19	2	3
79456895006	19	2	3
81604378642	19	2	3
83751862285	19	2	3
88046829612	19	2	3
90194313258	19	2	3
98784247822	19	2	3
98784247848	19	2	3
100931731498	19	2	3
111669149723	19	2	3
113816633373	19	2	3
115964117019	19	2	3
126701535262	19	2	3
128849018897	19	2	3
133143986189	19	2	3
137438953500	19	2	3
137438953501	19	2	3
154618822675	19	2	3
2147483710	20	2	3
4294967311	20	2	3
6442450957	20	2	3
6442450967	20	2	3
6442450994	20	2	3
6442451006	20	2	3
10737418264	20	2	3
12884901927	20	2	3
15032385577	20	2	3
15032385587	20	2	3
15032385588	20	2	3
15032385597	20	2	3
17179869209	20	2	3
17179869210	20	2	3
19327352856	20	2	3
19327352888	20	2	3
19327352893	20	2	3
19327352905	20	2	3
21474836551	20	2	3
27917287464	20	2	3
30064771090	20	2	3
30064771100	20	2	3
30064771102	20	2	3
30064771112	20	2	3
32212254748	20	2	3
32212254762	20	2	3
32212254788	20	2	3
34359738419	20	2	3
34359738446	20	2	3
34359738447	20	2	3
36507222028	20	2	3
36507222043	20	2	3
38654705682	20	2	3
38654705706	20	2	3
38654705733	20	2	3
38654705742	20	2	3
45097156625	20	2	3
47244640273	20	2	3
47244640325	20	2	3
47244640330	20	2	3
51539607563	20	2	3
53687091242	20	2	3
55834574860	20	2	3
55834574862	20	2	3
57982058544	20	2	3
60129542174	20	2	3
60129542188	20	2	3
62277025809	20	2	3
62277025822	20	2	3
62277025841	20	2	3
64424509484	20	2	3
66571993132	20	2	3
73014444077	20	2	3
77309411349	20	2	3
79456894995	20	2	3
83751862288	20	2	3
83751862289	20	2	3
85899345934	20	2	3
85899345936	20	2	3
85899345938	20	2	3
85899345968	20	2	3
88046829611	20	2	3
92341796917	20	2	3
94489280540	20	2	3
94489280554	20	2	3
98784247851	20	2	3
100931731499	20	2	3
103079215117	20	2	3
103079215120	20	2	3
107374182415	20	2	3
107374182444	20	2	3
118111600668	20	2	3
122406567962	20	2	3
124554051608	20	2	3
128849018896	20	2	3
130996502543	20	2	3
135291469852	20	2	3
143881404445	20	2	3
152471339024	20	2	3
154618822676	20	2	3
6442450963	21	2	3
6442450984	21	2	3
6442450985	21	2	3
10737418280	21	2	3
12884901928	21	2	3
12884901937	21	2	3
17179869236	21	2	3
21474836505	21	2	3
21474836543	21	2	3
25769803831	21	2	3
27917287450	21	2	3
30064771096	21	2	3
30064771141	21	2	3
32212254738	21	2	3
32212254746	21	2	3
34359738396	21	2	3
34359738444	21	2	3
36507222035	21	2	3
38654705738	21	2	3
45097156650	21	2	3
45097156680	21	2	3
47244640272	21	2	3
47244640329	21	2	3
53687091213	21	2	3
53687091228	21	2	3
75161927699	21	2	3
85899345935	21	2	3
100931731469	21	2	3
100931731470	21	2	3
120259084316	21	2	3
124554051600	21	2	3
126701535259	21	2	3
130996502542	21	2	3
130996502554	21	2	3
133143986190	21	2	3
133143986204	21	2	3
150323855377	21	2	3
150323855378	21	2	3
154618822678	21	2	3
4294967316	22	2	3
4294967337	22	2	3
10737418297	22	2	3
15032385598	22	2	3
17179869259	22	2	3
19327352889	22	2	3
23622320146	22	2	3
23622320198	22	2	3
25769803846	22	2	3
25769803848	22	2	3
27917287448	22	2	3
30064771101	22	2	3
30064771140	22	2	3
34359738411	22	2	3
36507222081	22	2	3
38654705734	22	2	3
40802189377	22	2	3
40802189381	22	2	3
40802189384	22	2	3
42949673009	22	2	3
42949673017	22	2	3
49392123945	22	2	3
60129542173	22	2	3
64424509487	22	2	3
68719476780	22	2	3
83751862318	22	2	3
83751862319	22	2	3
90194313243	22	2	3
90194313244	22	2	3
96636764203	22	2	3
105226698795	22	2	3
115964117020	22	2	3
118111600666	22	2	3
120259084305	22	2	3
122406567961	22	2	3
128849018895	22	2	3
130996502541	22	2	3
130996502556	22	2	3
135291469840	22	2	3
139586437138	22	2	3
139586437146	22	2	3
146028888081	22	2	3
146028888083	22	2	3
148176371728	22	2	3
150323855381	22	2	3
152471339029	22	2	3
2147483697	23	2	3
2147483698	23	2	3
2147483712	23	2	3
10737418281	23	2	3
17179869258	23	2	3
19327352906	23	2	3
23622320170	23	2	3
32212254790	23	2	3
34359738448	23	2	3
36507222087	23	2	3
38654705729	23	2	3
38654705737	23	2	3
40802189340	23	2	3
47244640297	23	2	3
51539607569	23	2	3
53687091212	23	2	3
57982058515	23	2	3
62277025812	23	2	3
66571993106	23	2	3
68719476783	23	2	3
73014444052	23	2	3
88046829610	23	2	3
94489280563	23	2	3
96636764207	23	2	3
107374182428	23	2	3
109521666075	23	2	3
135291469851	23	2	3
139586437149	23	2	3
141733920796	23	2	3
148176371729	23	2	3
150323855379	23	2	3
152471339030	23	2	3
4294967338	24	2	3
6442451008	24	2	3
8589934607	24	2	3
15032385561	24	2	3
17179869237	24	2	3
17179869246	24	2	3
19327352903	24	2	3
21474836552	24	2	3
23622320152	24	2	3
25769803794	24	2	3
25769803799	24	2	3
25769803805	24	2	3
25769803827	24	2	3
25769803849	24	2	3
27917287492	24	2	3
27917287498	24	2	3
30064771097	24	2	3
30064771098	24	2	3
30064771143	24	2	3
32212254799	24	2	3
34359738435	24	2	3
34359738438	24	2	3
36507222029	24	2	3
38654705714	24	2	3
42949672971	24	2	3
45097156626	24	2	3
45097156679	24	2	3
49392123922	24	2	3
49392123946	24	2	3
49392123974	24	2	3
55834574890	24	2	3
66571993107	24	2	3
66571993135	24	2	3
75161927695	24	2	3
79456895005	24	2	3
85899345937	24	2	3
88046829581	24	2	3
90194313259	24	2	3
92341796914	24	2	3
94489280529	24	2	3
96636764174	24	2	3
96636764177	24	2	3
107374182427	24	2	3
111669149722	24	2	3
120259084314	24	2	3
124554051598	24	2	3
126701535247	24	2	3
126701535248	24	2	3
126701535258	24	2	3
128849018905	24	2	3
137438953486	24	2	3
141733920787	24	2	3
146028888092	24	2	3
12884901905	25	2	3
12884901906	25	2	3
12884901950	25	2	3
15032385560	25	2	3
17179869256	25	2	3
21474836499	25	2	3
30064771099	25	2	3
30064771121	25	2	3
32212254789	25	2	3
34359738432	25	2	3
36507222090	25	2	3
47244640327	25	2	3
51539607593	25	2	3
53687091218	25	2	3
60129542163	25	2	3
62277025811	25	2	3
62277025839	25	2	3
64424509488	25	2	3
70866960401	25	2	3
83751862290	25	2	3
83751862301	25	2	3
94489280527	25	2	3
107374182414	25	2	3
109521666064	25	2	3
128849018906	25	2	3
133143986192	25	2	3
143881404434	25	2	3
143881404436	25	2	3
154618822672	25	2	3
15032385611	26	2	3
19327352857	26	2	3
23622320199	26	2	3
25769803801	26	2	3
25769803850	26	2	3
27917287496	26	2	3
32212254745	26	2	3
32212254791	26	2	3
34359738440	26	2	3
38654705732	26	2	3
38654705735	26	2	3
62277025821	26	2	3
66571993108	26	2	3
73014444060	26	2	3
88046829617	26	2	3
94489280526	26	2	3
96636764176	26	2	3
96636764206	26	2	3
100931731468	26	2	3
100931731503	26	2	3
109521666063	26	2	3
113816633371	26	2	3
128849018907	26	2	3
135291469836	26	2	3
135291469843	26	2	3
137438953488	26	2	3
143881404435	26	2	3
143881404442	26	2	3
143881404443	26	2	3
146028888082	26	2	3
146028888084	26	2	3
148176371731	26	2	3
6442450993	27	2	3
6442451007	27	2	3
12884901902	27	2	3
21474836553	27	2	3
23622320148	27	2	3
27917287476	27	2	3
30064771122	27	2	3
32212254796	27	2	3
32212254798	27	2	3
36507222084	27	2	3
38654705736	27	2	3
40802189339	27	2	3
42949672987	27	2	3
42949673002	27	2	3
49392123921	27	2	3
49392123947	27	2	3
51539607562	27	2	3
60129542172	27	2	3
66571993109	27	2	3
73014444048	27	2	3
79456894996	27	2	3
81604378653	27	2	3
88046829584	27	2	3
94489280525	27	2	3
96636764209	27	2	3
107374182446	27	2	3
109521666066	27	2	3
118111600658	27	2	3
135291469837	27	2	3
135291469849	27	2	3
137438953498	27	2	3
146028888079	27	2	3
146028888080	27	2	3
150323855380	27	2	3
2147483696	28	2	3
8589934606	28	2	3
8589934633	28	2	3
10737418263	28	2	3
15032385586	28	2	3
15032385599	28	2	3
17179869247	28	2	3
21474836550	28	2	3
25769803824	28	2	3
25769803847	28	2	3
27917287467	28	2	3
32212254792	28	2	3
32212254793	28	2	3
32212254797	28	2	3
38654705683	28	2	3
40802189338	28	2	3
42949672977	28	2	3
42949672985	28	2	3
49392123930	28	2	3
55834574876	28	2	3
70866960400	28	2	3
83751862291	28	2	3
85899345932	28	2	3
88046829616	28	2	3
120259084306	28	2	3
120259084315	28	2	3
126701535249	28	2	3
126701535250	28	2	3
126701535257	28	2	3
128849018904	28	2	3
130996502545	28	2	3
135291469841	28	2	3
135291469850	28	2	3
137438953489	28	2	3
146028888087	28	2	3
156766306325	28	2	3
6442450986	29	2	3
8589934635	29	2	3
12884901963	29	2	3
23622320200	29	2	3
23622320202	29	2	3
30064771116	29	2	3
30064771123	29	2	3
32212254764	29	2	3
32212254770	29	2	3
34359738437	29	2	3
38654705676	29	2	3
45097156618	29	2	3
45097156634	29	2	3
47244640274	29	2	3
53687091219	29	2	3
57982058516	29	2	3
68719476764	29	2	3
85899345939	29	2	3
90194313230	29	2	3
98784247825	29	2	3
100931731502	29	2	3
100931731504	29	2	3
100931731505	29	2	3
109521666062	29	2	3
115964117018	29	2	3
133143986202	29	2	3
137438953491	29	2	3
141733920786	29	2	3
143881404432	29	2	3
150323855374	29	2	3
150323855376	29	2	3
156766306326	29	2	3
158913789973	29	2	3
2147483692	30	2	3
2147483714	30	2	3
12884901961	30	2	3
12884901964	30	2	3
12884901965	30	2	3
15032385553	30	2	3
15032385554	30	2	3
15032385585	30	2	3
19327352851	30	2	3
19327352881	30	2	3
21474836504	30	2	3
21474836555	30	2	3
23622320193	30	2	3
36507222066	30	2	3
38654705731	30	2	3
49392123923	30	2	3
51539607595	30	2	3
55834574875	30	2	3
66571993133	30	2	3
66571993134	30	2	3
77309411356	30	2	3
79456895004	30	2	3
88046829585	30	2	3
92341796879	30	2	3
100931731474	30	2	3
103079215130	30	2	3
105226698764	30	2	3
109521666067	30	2	3
111669149712	30	2	3
133143986193	30	2	3
137438953487	30	2	3
141733920785	30	2	3
143881404437	30	2	3
8589934640	31	2	3
8589934664	31	2	3
17179869255	31	2	3
19327352902	31	2	3
25769803795	31	2	3
27917287473	31	2	3
32212254747	31	2	3
34359738394	31	2	3
34359738395	31	2	3
42949672986	31	2	3
45097156651	31	2	3
53687091244	31	2	3
55834574892	31	2	3
57982058541	31	2	3
60129542159	31	2	3
62277025807	31	2	3
62277025820	31	2	3
64424509460	31	2	3
77309411350	31	2	3
77309411355	31	2	3
81604378643	31	2	3
81604378644	31	2	3
88046829615	31	2	3
90194313232	31	2	3
94489280539	31	2	3
96636764187	31	2	3
105226698799	31	2	3
109521666074	31	2	3
115964117009	31	2	3
126701535256	31	2	3
130996502553	31	2	3
133143986194	31	2	3
133143986196	31	2	3
133143986201	31	2	3
137438953490	31	2	3
139586437139	31	2	3
152471339022	31	2	3
12884901930	32	2	3
15032385578	32	2	3
17179869234	32	2	3
19327352850	32	2	3
21474836503	32	2	3
23622320197	32	2	3
34359738441	32	2	3
36507222065	32	2	3
47244640298	32	2	3
51539607570	32	2	3
55834574868	32	2	3
66571993110	32	2	3
79456894997	32	2	3
83751862300	32	2	3
85899345967	32	2	3
90194313261	32	2	3
96636764178	32	2	3
126701535245	32	2	3
137438953485	32	2	3
137438953492	32	2	3
137438953497	32	2	3
139586437145	32	2	3
148176371732	32	2	3
6442451009	33	2	3
10737418282	33	2	3
12884901929	33	2	3
23622320203	33	2	3
25769803820	33	2	3
25769803851	33	2	3
32212254743	33	2	3
34359738388	33	2	3
34359738442	33	2	3
36507222042	33	2	3
38654705707	33	2	3
60129542158	33	2	3
60129542171	33	2	3
64424509461	33	2	3
66571993115	33	2	3
73014444053	33	2	3
81604378637	33	2	3
92341796881	33	2	3
100931731482	33	2	3
111669149721	33	2	3
118111600656	33	2	3
126701535255	33	2	3
128849018901	33	2	3
133143986203	33	2	3
135291469848	33	2	3
141733920788	33	2	3
141733920789	33	2	3
141733920792	33	2	3
154618822669	33	2	3
4294967361	34	2	3
17179869201	34	2	3
27917287477	34	2	3
34359738439	34	2	3
36507222083	34	2	3
36507222089	34	2	3
38654705690	34	2	3
40802189355	34	2	3
47244640303	34	2	3
49392123925	34	2	3
57982058523	34	2	3
68719476763	34	2	3
81604378652	34	2	3
85899345940	34	2	3
85899345948	34	2	3
92341796882	34	2	3
98784247855	34	2	3
115964117017	34	2	3
139586437136	34	2	3
139586437142	34	2	3
143881404433	34	2	3
143881404438	34	2	3
146028888091	34	2	3
154618822679	34	2	3
154618822680	34	2	3
2147483715	35	2	3
19327352875	35	2	3
32212254801	35	2	3
36507222086	35	2	3
40802189330	35	2	3
45097156632	35	2	3
47244640275	35	2	3
51539607578	35	2	3
51539607596	35	2	3
90194313231	35	2	3
103079215129	35	2	3
109521666073	35	2	3
120259084303	35	2	3
124554051604	35	2	3
130996502552	35	2	3
139586437135	35	2	3
139586437144	35	2	3
146028888088	35	2	3
146028888090	35	2	3
2147483661	36	2	3
4294967362	36	2	3
10737418316	36	2	3
15032385559	36	2	3
19327352848	36	2	3
21474836556	36	2	3
32212254741	36	2	3
36507222088	36	2	3
92341796880	36	2	3
96636764186	36	2	3
98784247857	36	2	3
107374182419	36	2	3
120259084307	36	2	3
122406567955	36	2	3
130996502549	36	2	3
135291469845	36	2	3
137438953496	36	2	3
139586437133	36	2	3
139586437141	36	2	3
156766306321	36	2	3
10737418253	37	2	3
17179869207	37	2	3
21474836549	37	2	3
23622320172	37	2	3
25769803841	37	2	3
27917287444	37	2	3
27917287471	37	2	3
30064771146	37	2	3
32212254768	37	2	3
40802189331	37	2	3
42949673003	37	2	3
45097156627	37	2	3
45097156652	37	2	3
47244640299	37	2	3
49392123948	37	2	3
83751862292	37	2	3
90194313235	37	2	3
92341796890	37	2	3
94489280524	37	2	3
94489280530	37	2	3
96636764179	37	2	3
118111600659	37	2	3
128849018899	37	2	3
148176371735	37	2	3
148176371739	37	2	3
15032385614	38	2	3
19327352896	38	2	3
30064771118	38	2	3
30064771120	38	2	3
34359738393	38	2	3
34359738436	38	2	3
42949672979	38	2	3
49392123924	38	2	3
83751862299	38	2	3
94489280537	38	2	3
94489280538	38	2	3
109521666060	38	2	3
141733920790	38	2	3
146028888085	38	2	3
146028888086	38	2	3
17179869261	39	2	3
30064771150	39	2	3
30064771152	39	2	3
32212254742	39	2	3
85899345947	39	2	3
90194313234	39	2	3
98784247834	39	2	3
103079215123	39	2	3
107374182420	39	2	3
124554051597	39	2	3
124554051605	39	2	3
133143986195	39	2	3
133143986198	39	2	3
139586437132	39	2	3
141733920782	39	2	3
141733920791	39	2	3
146028888089	39	2	3
4294967368	40	2	3
6442451015	40	2	3
17179869202	40	2	3
21474836524	40	2	3
23622320176	40	2	3
25769803823	40	2	3
34359738390	40	2	3
38654705684	40	2	3
45097156633	40	2	3
79456894989	40	2	3
111669149710	40	2	3
115964117016	40	2	3
120259084310	40	2	3
19327352901	41	2	3
21474836528	41	2	3
38654705712	41	2	3
42949673007	41	2	3
45097156655	41	2	3
51539607598	41	2	3
70866960411	41	2	3
75161927707	41	2	3
81604378645	41	2	3
90194313233	41	2	3
135291469844	41	2	3
141733920780	41	2	3
143881404439	41	2	3
27917287474	42	2	3
36507222036	42	2	3
36507222060	42	2	3
36507222085	42	2	3
49392123951	42	2	3
64424509462	42	2	3
120259084308	42	2	3
139586437134	42	2	3
6442450990	43	2	3
12884901959	43	2	3
15032385555	43	2	3
17179869262	43	2	3
36507222041	43	2	3
45097156628	43	2	3
60129542156	43	2	3
73014444059	43	2	3
6442451014	44	2	3
73014444057	44	2	3
83751862293	44	2	3
85899345941	44	2	3
88046829587	44	2	3
92341796883	44	2	3
94489280531	44	2	3
143881404430	44	2	3
4294967340	45	2	3
27917287472	45	2	3
73014444055	45	2	3
77309411351	45	2	3
77309411354	45	2	3
79456894998	45	2	3
96636764185	45	2	3
100931731476	45	2	3
115964117015	45	2	3
150323855386	45	2	3
40802189335	46	2	3
75161927704	46	2	3
88046829595	46	2	3
100931731481	46	2	3
126701535251	46	2	3
152471339021	46	2	3
23622320173	47	2	3
30064771119	47	2	3
34359738389	47	2	3
36507222039	47	2	3
38654705688	47	2	3
42949672984	47	2	3
62277025819	47	2	3
88046829586	47	2	3
88046829593	47	2	3
109521666068	47	2	3
8589934658	48	2	3
23622320175	48	2	3
38654705686	48	2	3
79456895002	48	2	3
79456895003	48	2	3
90194313242	48	2	3
21474836527	49	2	3
25769803825	49	2	3
45097156629	49	2	3
47244640276	49	2	3
47244640300	49	2	3
51539607597	49	2	3
8589934668	50	2	3
45097156654	50	2	3
49392123949	50	2	3
68719476762	50	2	3
85899345946	50	2	3
115964117012	50	2	3
118111600662	50	2	3
154618822668	50	2	3
8589934669	51	2	3
17179869198	51	2	3
21474836502	51	2	3
47244640281	51	2	3
73014444046	51	2	3
81604378651	51	2	3
88046829588	51	2	3
98784247833	51	2	3
122406567949	51	2	3
152471339033	51	2	3
12884901931	52	2	3
17179869205	52	2	3
40802189334	52	2	3
47244640302	52	2	3
64424509466	52	2	3
111669149716	52	2	3
115964117011	52	2	3
6442451010	53	2	3
32212254767	53	2	3
40802189336	53	2	3
85899345942	53	2	3
40802189356	54	2	3
45097156631	54	2	3
47244640280	54	2	3
68719476751	54	2	3
77309411341	54	2	3
96636764180	54	2	3
103079215128	54	2	3
15032385579	55	2	3
15032385583	55	2	3
40802189359	55	2	3
90194313236	55	2	3
19327352876	56	2	3
32212254766	56	2	3
60129542169	56	2	3
83751862298	56	2	3
96636764184	56	2	3
143881404429	56	2	3
38654705687	57	2	3
42949673005	57	2	3
47244640277	57	2	3
17179869231	58	2	3
47244640278	58	2	3
12884901957	59	2	3
17179869229	59	2	3
83751862297	59	2	3
88046829594	59	2	3
100931731480	59	2	3
17179869249	60	2	3
47244640279	60	2	3
70866960409	60	2	3
42949672983	61	2	3
45097156653	61	2	3
47244640301	61	2	3
105226698776	61	2	3
21474836547	62	2	3
81604378649	62	2	3
94489280532	62	2	3
94489280536	62	2	3
96636764181	62	2	3
40802189358	63	2	3
79456894999	63	2	3
90194313241	63	2	3
66571993111	64	2	3
81604378650	64	2	3
158913789966	64	2	3
15032385601	65	2	3
83751862295	65	2	3
85899345945	65	2	3
90194313237	65	2	3
77309411353	66	2	3
98784247832	66	2	3
17179869250	67	2	3
53687091224	67	2	3
62277025817	67	2	3
92341796889	67	2	3
40802189357	68	2	3
94489280534	68	2	3
70866960408	69	2	3
88046829589	69	2	3
90194313240	69	2	3
94489280533	69	2	3
96636764183	69	2	3
83751862294	70	2	3
57982058519	71	2	3
92341796884	71	2	3
98784247829	71	2	3
100931731477	71	2	3
6442451011	72	2	3
85899345944	72	2	3
107374182423	72	2	3
68719476748	73	2	3
103079215127	73	2	3
79456895000	74	2	3
105226698775	75	2	3
15032385581	76	2	3
88046829590	77	2	3
92341796885	77	2	3
111669149718	77	2	3
88046829592	78	2	3
100931731479	79	2	3
85899345943	80	2	3
109521666069	82	2	3
83751862296	83	2	3
92341796888	87	2	3
60129542155	91	2	3
96636764182	92	2	3
103079215126	92	2	3
88046829591	93	2	3
130996502538	97	2	3
90194313238	99	2	3
98784247831	101	2	3
100931731478	101	2	3
176093659150	103	2	3
98784247830	104	2	3
15032385603	111	2	3
90194313239	113	2	3
94489280535	113	2	3
92341796887	121	2	3
81604378632	253	2	3
146028888069	420	2	3
143881404421	438	2	3
4294967320	15	2	2
4294967355	15	2	2
6442450960	15	2	2
6442450961	15	2	2
8589934654	15	2	2
12884901941	15	2	2
15032385562	15	2	2
23622320155	15	2	2
23622320190	15	2	2
30064771135	15	2	2
32212254736	15	2	2
36507222076	15	2	2
38654705693	15	2	2
42949673035	15	2	2
45097156678	15	2	2
47244640285	15	2	2
51539607567	15	2	2
68719476768	15	2	2
73014444078	15	2	2
81604378638	15	2	2
83751862313	15	2	2
85899345964	15	2	2
92341796905	15	2	2
94489280542	15	2	2
94489280550	15	2	2
98784247850	15	2	2
105226698768	15	2	2
105226698779	15	2	2
109521666089	15	2	2
109521666090	15	2	2
115964117027	15	2	2
124554051615	15	2	2
135291469854	15	2	2
4294967315	16	2	2
8589934631	16	2	2
12884901925	16	2	2
15032385576	16	2	2
19327352890	16	2	2
21474836515	16	2	2
21474836539	16	2	2
25769803803	16	2	2
30064771138	16	2	2
30064771142	16	2	2
34359738420	16	2	2
36507222045	16	2	2
38654705694	16	2	2
38654705740	16	2	2
40802189387	16	2	2
40802189388	16	2	2
49392123918	16	2	2
53687091270	16	2	2
55834574863	16	2	2
55834574879	16	2	2
73014444050	16	2	2
79456894993	16	2	2
79456895007	16	2	2
81604378639	16	2	2
83751862315	16	2	2
83751862323	16	2	2
83751862325	16	2	2
92341796901	16	2	2
100931731492	16	2	2
111669149725	16	2	2
133143986208	16	2	2
152471339025	16	2	2
4294967335	17	2	2
4294967360	17	2	2
15032385574	17	2	2
15032385591	17	2	2
19327352887	17	2	2
25769803806	17	2	2
27917287486	17	2	2
36507222031	17	2	2
36507222094	17	2	2
38654705705	17	2	2
38654705726	17	2	2
40802189385	17	2	2
45097156657	17	2	2
45097156658	17	2	2
45097156681	17	2	2
49392123915	17	2	2
49392123933	17	2	2
53687091230	17	2	2
55834574878	17	2	2
55834574897	17	2	2
55834574918	17	2	2
57982058514	17	2	2
57982058545	17	2	2
60129542161	17	2	2
62277025836	17	2	2
62277025840	17	2	2
73014444074	17	2	2
75161927696	17	2	2
79456895024	17	2	2
83751862317	17	2	2
83751862321	17	2	2
85899345949	17	2	2
88046829597	17	2	2
109521666092	17	2	2
139586437150	17	2	2
154618822677	17	2	2
2147483690	18	2	2
2147483713	18	2	2
17179869241	18	2	2
19327352894	18	2	2
19327352904	18	2	2
21474836514	18	2	2
23622320191	18	2	2
25769803829	18	2	2
27917287465	18	2	2
30064771113	18	2	2
36507222044	18	2	2
36507222058	18	2	2
36507222091	18	2	2
38654705675	18	2	2
40802189378	18	2	2
51539607579	18	2	2
51539607621	18	2	2
53687091269	18	2	2
55834574896	18	2	2
57982058513	18	2	2
70866960402	18	2	2
70866960414	18	2	2
81604378671	18	2	2
85899345965	18	2	2
88046829596	18	2	2
88046829618	18	2	2
90194313266	18	2	2
90194313270	18	2	2
98784247849	18	2	2
100931731471	18	2	2
128849018894	18	2	2
8589934608	19	2	2
8589934641	19	2	2
10737418255	19	2	2
10737418289	19	2	2
15032385590	19	2	2
27917287487	19	2	2
27917287494	19	2	2
30064771136	19	2	2
34359738410	19	2	2
34359738445	19	2	2
45097156619	19	2	2
47244640283	19	2	2
68719476765	19	2	2
75161927700	19	2	2
85899345972	19	2	2
88046829622	19	2	2
90194313265	19	2	2
92341796909	19	2	2
92341796910	19	2	2
103079215118	19	2	2
130996502557	19	2	2
4294967336	20	2	2
15032385610	20	2	2
17179869235	20	2	2
21474836535	20	2	2
23622320182	20	2	2
23622320184	20	2	2
25769803817	20	2	2
34359738409	20	2	2
40802189379	20	2	2
49392123914	20	2	2
49392123953	20	2	2
51539607580	20	2	2
53687091227	20	2	2
57982058526	20	2	2
68719476755	20	2	2
77309411370	20	2	2
79456895025	20	2	2
81604378672	20	2	2
92341796915	20	2	2
96636764205	20	2	2
105226698765	20	2	2
105226698797	20	2	2
2147483673	21	2	2
8589934605	21	2	2
10737418258	21	2	2
10737418302	21	2	2
12884901911	21	2	2
12884901912	21	2	2
15032385609	21	2	2
17179869243	21	2	2
19327352883	21	2	2
19327352907	21	2	2
21474836497	21	2	2
23622320154	21	2	2
23622320169	21	2	2
25769803845	21	2	2
27917287446	21	2	2
30064771089	21	2	2
30064771114	21	2	2
30064771139	21	2	2
30064771144	21	2	2
32212254739	21	2	2
32212254772	21	2	2
34359738386	21	2	2
34359738443	21	2	2
42949673033	21	2	2
47244640284	21	2	2
49392123973	21	2	2
51539607623	21	2	2
53687091210	21	2	2
53687091271	21	2	2
55834574861	21	2	2
55834574877	21	2	2
57982058527	21	2	2
60129542189	21	2	2
62277025808	21	2	2
68719476781	21	2	2
75161927708	21	2	2
83751862320	21	2	2
90194313269	21	2	2
92341796892	21	2	2
92341796893	21	2	2
92341796916	21	2	2
94489280557	21	2	2
96636764188	21	2	2
98784247836	21	2	2
100931731473	21	2	2
103079215116	21	2	2
103079215121	21	2	2
103079215150	21	2	2
107374182417	21	2	2
137438953499	21	2	2
143881404444	21	2	2
2147483691	22	2	2
4294967317	22	2	2
8589934611	22	2	2
8589934655	22	2	2
8589934656	22	2	2
10737418303	22	2	2
15032385612	22	2	2
21474836536	22	2	2
23622320183	22	2	2
27917287453	22	2	2
27917287488	22	2	2
27917287495	22	2	2
27917287497	22	2	2
30064771126	22	2	2
32212254732	22	2	2
32212254787	22	2	2
38654705691	22	2	2
42949672978	22	2	2
51539607594	22	2	2
51539607624	22	2	2
55834574867	22	2	2
57982058509	22	2	2
57982058512	22	2	2
62277025837	22	2	2
62277025838	22	2	2
68719476753	22	2	2
68719476754	22	2	2
85899345969	22	2	2
88046829583	22	2	2
88046829621	22	2	2
90194313268	22	2	2
94489280564	22	2	2
98784247835	22	2	2
98784247858	22	2	2
107374182445	22	2	2
118111600665	22	2	2
120259084313	22	2	2
122406567953	22	2	2
124554051601	22	2	2
135291469842	22	2	2
154618822674	22	2	2
2147483669	23	2	2
4294967344	23	2	2
10737418301	23	2	2
19327352882	23	2	2
19327352886	23	2	2
25769803826	23	2	2
27917287442	23	2	2
27917287478	23	2	2
30064771091	23	2	2
32212254763	23	2	2
34359738418	23	2	2
34359738434	23	2	2
42949673008	23	2	2
47244640305	23	2	2
47244640326	23	2	2
47244640328	23	2	2
51539607622	23	2	2
53687091229	23	2	2
55834574891	23	2	2
57982058525	23	2	2
62277025810	23	2	2
64424509485	23	2	2
73014444061	23	2	2
75161927701	23	2	2
75161927723	23	2	2
92341796891	23	2	2
96636764210	23	2	2
98784247824	23	2	2
98784247853	23	2	2
98784247854	23	2	2
103079215122	23	2	2
105226698796	23	2	2
107374182413	23	2	2
109521666061	23	2	2
109521666065	23	2	2
109521666093	23	2	2
113816633370	23	2	2
122406567960	23	2	2
141733920795	23	2	2
152471339031	23	2	2
154618822671	23	2	2
6442450964	24	2	2
15032385592	24	2	2
17179869257	24	2	2
19327352885	24	2	2
21474836496	24	2	2
21474836522	24	2	2
21474836554	24	2	2
23622320192	24	2	2
27917287441	24	2	2
27917287447	24	2	2
27917287479	24	2	2
40802189362	24	2	2
49392123976	24	2	2
49392123977	24	2	2
57982058524	24	2	2
57982058543	24	2	2
60129542160	24	2	2
60129542190	24	2	2
60129542191	24	2	2
68719476756	24	2	2
70866960413	24	2	2
73014444076	24	2	2
85899345970	24	2	2
88046829620	24	2	2
90194313267	24	2	2
92341796911	24	2	2
94489280561	24	2	2
96636764208	24	2	2
98784247821	24	2	2
105226698778	24	2	2
124554051602	24	2	2
124554051607	24	2	2
135291469838	24	2	2
148176371730	24	2	2
4294967318	25	2	2
8589934612	25	2	2
8589934634	25	2	2
15032385608	25	2	2
19327352884	25	2	2
19327352895	25	2	2
21474836512	25	2	2
21474836529	25	2	2
21474836530	25	2	2
23622320171	25	2	2
25769803840	25	2	2
27917287466	25	2	2
32212254794	25	2	2
36507222059	25	2	2
40802189322	25	2	2
45097156656	25	2	2
47244640304	25	2	2
49392123931	25	2	2
49392123975	25	2	2
51539607571	25	2	2
73014444054	25	2	2
79456894990	25	2	2
90194313262	25	2	2
92341796913	25	2	2
96636764202	25	2	2
96636764204	25	2	2
100931731501	25	2	2
105226698798	25	2	2
107374182418	25	2	2
111669149714	25	2	2
135291469839	25	2	2
150323855375	25	2	2
156766306324	25	2	2
2147483672	26	2	2
4294967319	26	2	2
6442450966	26	2	2
19327352849	26	2	2
25769803832	26	2	2
30064771094	26	2	2
30064771124	26	2	2
32212254740	26	2	2
40802189354	26	2	2
51539607601	26	2	2
60129542164	26	2	2
64424509459	26	2	2
96636764173	26	2	2
118111600657	26	2	2
120259084304	26	2	2
122406567951	26	2	2
128849018893	26	2	2
133143986197	26	2	2
141733920793	26	2	2
143881404441	26	2	2
4294967309	27	2	2
12884901951	27	2	2
21474836523	27	2	2
23622320151	27	2	2
25769803818	27	2	2
45097156635	27	2	2
53687091248	27	2	2
57982058508	27	2	2
64424509469	27	2	2
68719476757	27	2	2
70866960430	27	2	2
90194313263	27	2	2
96636764172	27	2	2
98784247852	27	2	2
103079215149	27	2	2
105226698770	27	2	2
133143986188	27	2	2
137438953484	27	2	2
154618822670	27	2	2
4294967345	28	2	2
8589934615	28	2	2
10737418254	28	2	2
10737418259	28	2	2
12884901907	28	2	2
12884901960	28	2	2
17179869208	28	2	2
17179869226	28	2	2
19327352908	28	2	2
27917287489	28	2	2
30064771092	28	2	2
30064771145	28	2	2
32212254800	28	2	2
34359738412	28	2	2
36507222082	28	2	2
38654705713	28	2	2
49392123952	28	2	2
53687091226	28	2	2
60129542165	28	2	2
64424509457	28	2	2
64424509486	28	2	2
66571993116	28	2	2
75161927702	28	2	2
88046829613	28	2	2
88046829614	28	2	2
88046829619	28	2	2
94489280559	28	2	2
94489280562	28	2	2
103079215151	28	2	2
128849018903	28	2	2
130996502540	28	2	2
141733920794	28	2	2
150323855382	28	2	2
152471339023	28	2	2
156766306323	28	2	2
2147483670	29	2	2
2147483671	29	2	2
6442450991	29	2	2
6442450992	29	2	2
10737418288	29	2	2
12884901962	29	2	2
15032385613	29	2	2
19327352874	29	2	2
23622320147	29	2	2
25769803800	29	2	2
53687091243	29	2	2
57982058540	29	2	2
66571993105	29	2	2
70866960412	29	2	2
85899345966	29	2	2
92341796878	29	2	2
94489280560	29	2	2
98784247820	29	2	2
100931731483	29	2	2
124554051603	29	2	2
148176371727	29	2	2
4294967367	30	2	2
10737418311	30	2	2
10737418314	30	2	2
23622320143	30	2	2
23622320177	30	2	2
25769803819	30	2	2
25769803828	30	2	2
27917287437	30	2	2
27917287443	30	2	2
27917287445	30	2	2
27917287491	30	2	2
30064771149	30	2	2
32212254795	30	2	2
36507222027	30	2	2
60129542162	30	2	2
66571993104	30	2	2
68719476782	30	2	2
90194313229	30	2	2
107374182412	30	2	2
111669149720	30	2	2
113816633361	30	2	2
115964117010	30	2	2
118111600664	30	2	2
122406567954	30	2	2
143881404440	30	2	2
148176371733	30	2	2
2147483695	31	2	2
2147483720	31	2	2
6442450956	31	2	2
6442450987	31	2	2
19327352909	31	2	2
21474836533	31	2	2
21474836534	31	2	2
21474836544	31	2	2
23622320180	31	2	2
23622320185	31	2	2
27917287475	31	2	2
27917287490	31	2	2
30064771095	31	2	2
32212254769	31	2	2
51539607599	31	2	2
51539607600	31	2	2
60129542157	31	2	2
90194313228	31	2	2
94489280558	31	2	2
107374182426	31	2	2
111669149713	31	2	2
115964117008	31	2	2
148176371734	31	2	2
156766306322	31	2	2
158913789974	31	2	2
2147483694	32	2	2
6442450965	32	2	2
12884901936	32	2	2
17179869260	32	2	2
21474836501	32	2	2
23622320181	32	2	2
25769803796	32	2	2
30064771093	32	2	2
32212254771	32	2	2
40802189361	32	2	2
62277025806	32	2	2
64424509456	32	2	2
64424509458	32	2	2
64424509468	32	2	2
70866960405	32	2	2
120259084311	32	2	2
128849018902	32	2	2
137438953493	32	2	2
137438953495	32	2	2
156766306327	32	2	2
158913789972	32	2	2
4294967339	33	2	2
8589934613	33	2	2
8589934657	33	2	2
10737418252	33	2	2
10737418260	33	2	2
10737418312	33	2	2
17179869233	33	2	2
19327352855	33	2	2
21474836500	33	2	2
23622320194	33	2	2
25769803798	33	2	2
25769803830	33	2	2
25769803842	33	2	2
30064771115	33	2	2
38654705689	33	2	2
40802189360	33	2	2
47244640266	33	2	2
57982058542	33	2	2
68719476752	33	2	2
70866960429	33	2	2
73014444047	33	2	2
88046829580	33	2	2
103079215152	33	2	2
105226698771	33	2	2
120259084312	33	2	2
130996502547	33	2	2
130996502550	33	2	2
139586437140	33	2	2
141733920784	33	2	2
2147483719	34	2	2
8589934665	34	2	2
10737418315	34	2	2
15032385584	34	2	2
17179869203	34	2	2
27917287499	34	2	2
27917287501	34	2	2
30064771147	34	2	2
42949672970	34	2	2
51539607572	34	2	2
53687091220	34	2	2
55834574859	34	2	2
55834574874	34	2	2
57982058522	34	2	2
88046829582	34	2	2
90194313260	34	2	2
111669149711	34	2	2
111669149715	34	2	2
128849018898	34	2	2
130996502546	34	2	2
141733920783	34	2	2
143881404431	34	2	2
156766306320	34	2	2
4294967343	35	2	2
21474836495	35	2	2
23622320179	35	2	2
30064771084	35	2	2
30064771151	35	2	2
34359738417	35	2	2
53687091247	35	2	2
55834574858	35	2	2
77309411342	35	2	2
98784247826	35	2	2
107374182425	35	2	2
130996502551	35	2	2
139586437137	35	2	2
139586437143	35	2	2
146028888078	35	2	2
12884901910	36	2	2
15032385607	36	2	2
21474836531	36	2	2
23622320178	36	2	2
23622320196	36	2	2
27917287500	36	2	2
27917287502	36	2	2
30064771148	36	2	2
32212254744	36	2	2
34359738416	36	2	2
40802189337	36	2	2
55834574895	36	2	2
64424509455	36	2	2
113816633362	36	2	2
118111600660	36	2	2
118111600663	36	2	2
122406567950	36	2	2
122406567959	36	2	2
128849018900	36	2	2
133143986199	36	2	2
135291469835	36	2	2
135291469846	36	2	2
135291469847	36	2	2
148176371726	36	2	2
2147483721	37	2	2
2147483722	37	2	2
15032385551	37	2	2
15032385552	37	2	2
23622320149	37	2	2
25769803790	37	2	2
25769803844	37	2	2
36507222064	37	2	2
98784247827	37	2	2
113816633369	37	2	2
124554051606	37	2	2
150323855384	37	2	2
158913789970	37	2	2
10737418304	38	2	2
10737418317	38	2	2
12884901958	38	2	2
15032385550	38	2	2
15032385556	38	2	2
17179869232	38	2	2
30064771153	38	2	2
47244640282	38	2	2
55834574869	38	2	2
62277025813	38	2	2
70866960406	38	2	2
70866960410	38	2	2
2147483716	39	2	2
6442451016	39	2	2
8589934614	39	2	2
12884901901	39	2	2
19327352852	39	2	2
21474836532	39	2	2
34359738392	39	2	2
36507222037	39	2	2
36507222063	39	2	2
42949672969	39	2	2
62277025805	39	2	2
75161927694	39	2	2
98784247856	39	2	2
130996502539	39	2	2
133143986200	39	2	2
148176371736	39	2	2
156766306318	39	2	2
156766306319	39	2	2
17179869204	40	2	2
21474836545	40	2	2
23622320204	40	2	2
25769803852	40	2	2
32212254765	40	2	2
53687091246	40	2	2
88046829579	40	2	2
92341796876	40	2	2
113816633363	40	2	2
130996502548	40	2	2
2147483693	41	2	2
4294967366	41	2	2
6442450988	41	2	2
8589934636	41	2	2
10737418313	41	2	2
15032385557	41	2	2
15032385558	41	2	2
15032385606	41	2	2
19327352880	41	2	2
25769803843	41	2	2
36507222040	41	2	2
38654705708	41	2	2
51539607573	41	2	2
51539607577	41	2	2
60129542166	41	2	2
60129542170	41	2	2
70866960407	41	2	2
75161927703	41	2	2
113816633368	41	2	2
128849018892	41	2	2
137438953494	41	2	2
152471339032	41	2	2
158913789971	41	2	2
8589934663	42	2	2
8589934666	42	2	2
10737418262	42	2	2
12884901952	42	2	2
15032385600	42	2	2
17179869254	42	2	2
27917287503	42	2	2
27917287504	42	2	2
34359738379	42	2	2
38654705685	42	2	2
38654705711	42	2	2
49392123950	42	2	2
73014444056	42	2	2
92341796875	42	2	2
94489280523	42	2	2
113816633360	42	2	2
120259084302	42	2	2
122406567956	42	2	2
122406567957	42	2	2
133143986187	42	2	2
141733920781	42	2	2
148176371738	42	2	2
150323855373	42	2	2
150323855383	42	2	2
161061273620	42	2	2
6442451018	43	2	2
8589934667	43	2	2
10737418261	43	2	2
10737418287	43	2	2
12884901908	43	2	2
17179869199	43	2	2
40802189332	43	2	2
53687091245	43	2	2
90194313227	43	2	2
92341796877	43	2	2
96636764171	43	2	2
100931731475	43	2	2
126701535254	43	2	2
148176371737	43	2	2
4294967341	44	2	2
6442451017	44	2	2
19327352910	44	2	2
23622320195	44	2	2
55834574894	44	2	2
57982058517	44	2	2
64424509454	44	2	2
66571993102	44	2	2
98784247819	44	2	2
105226698777	44	2	2
111669149719	44	2	2
118111600661	44	2	2
161061273621	44	2	2
2147483718	45	2	2
4294967369	45	2	2
6442450989	45	2	2
10737418283	45	2	2
12884901909	45	2	2
12884901935	45	2	2
17179869227	45	2	2
17179869248	45	2	2
17179869253	45	2	2
19327352854	45	2	2
23622320142	45	2	2
38654705710	45	2	2
49392123926	45	2	2
49392123929	45	2	2
51539607561	45	2	2
66571993103	45	2	2
109521666072	45	2	2
4294967363	46	2	2
8589934639	46	2	2
17179869200	46	2	2
17179869206	46	2	2
42949672980	46	2	2
55834574873	46	2	2
81604378646	46	2	2
98784247828	46	2	2
113816633367	46	2	2
120259084309	46	2	2
146028888077	46	2	2
158913789967	46	2	2
10737418318	47	2	2
12884901899	47	2	2
19327352879	47	2	2
23622320150	47	2	2
25769803853	47	2	2
27917287470	47	2	2
34359738391	47	2	2
42949673006	47	2	2
53687091225	47	2	2
55834574893	47	2	2
62277025814	47	2	2
83751862284	47	2	2
115964117014	47	2	2
118111600655	47	2	2
126701535252	47	2	2
158913789969	47	2	2
12884901900	48	2	2
12884901966	48	2	2
27917287468	48	2	2
38654705709	48	2	2
53687091221	48	2	2
57982058521	48	2	2
64424509467	48	2	2
66571993114	48	2	2
111669149709	48	2	2
4294967342	49	2	2
4294967370	49	2	2
6442451019	49	2	2
25769803797	49	2	2
40802189333	49	2	2
42949673004	49	2	2
66571993101	49	2	2
73014444058	49	2	2
90194313226	49	2	2
105226698772	49	2	2
113816633364	49	2	2
150323855385	49	2	2
2147483717	50	2	2
19327352853	50	2	2
21474836526	50	2	2
21474836557	50	2	2
23622320174	50	2	2
30064771117	50	2	2
34359738413	50	2	2
34359738415	50	2	2
57982058518	50	2	2
68719476750	50	2	2
10737418305	51	2	2
15032385615	51	2	2
19327352897	51	2	2
25769803821	51	2	2
27917287505	51	2	2
38654705674	51	2	2
49392123927	51	2	2
62277025818	51	2	2
115964117007	51	2	2
122406567958	51	2	2
126701535253	51	2	2
158913789968	51	2	2
161061273617	51	2	2
4294967365	52	2	2
6442451013	52	2	2
8589934662	52	2	2
19327352847	52	2	2
19327352900	52	2	2
36507222038	52	2	2
75161927706	52	2	2
107374182424	52	2	2
148176371725	52	2	2
163208757268	52	2	2
2147483660	53	2	2
8589934670	53	2	2
23622320205	53	2	2
25769803822	53	2	2
25769803855	53	2	2
60129542167	53	2	2
68719476758	53	2	2
75161927705	53	2	2
103079215124	53	2	2
111669149708	53	2	2
115964117013	53	2	2
36507222062	54	2	2
47244640265	54	2	2
51539607576	54	2	2
57982058507	54	2	2
113816633359	54	2	2
126701535244	54	2	2
141733920779	54	2	2
161061273619	54	2	2
10737418310	55	2	2
12884901967	55	2	2
32212254731	55	2	2
45097156617	55	2	2
113816633366	55	2	2
152471339020	55	2	2
165356240915	55	2	2
15032385616	56	2	2
17179869197	56	2	2
21474836494	56	2	2
21474836548	56	2	2
42949672982	56	2	2
124554051596	56	2	2
2147483724	57	2	2
4294967364	57	2	2
8589934637	57	2	2
19327352878	57	2	2
21474836525	57	2	2
27917287469	57	2	2
42949672981	57	2	2
55834574870	57	2	2
64424509453	57	2	2
70866960399	57	2	2
2147483723	58	2	2
8589934638	58	2	2
15032385582	58	2	2
25769803854	58	2	2
34359738414	58	2	2
55834574857	58	2	2
64424509463	58	2	2
75161927693	58	2	2
77309411352	58	2	2
128849018891	58	2	2
146028888076	58	2	2
156766306316	58	2	2
156766306317	58	2	2
4294967308	59	2	2
4294967371	59	2	2
12884901932	59	2	2
12884901953	59	2	2
113816633358	59	2	2
12884901934	60	2	2
17179869263	60	2	2
21474836546	60	2	2
36507222061	60	2	2
45097156630	60	2	2
51539607574	60	2	2
68719476761	60	2	2
105226698773	60	2	2
161061273618	60	2	2
49392123928	61	2	2
53687091209	61	2	2
81604378636	61	2	2
111669149707	61	2	2
8589934671	62	2	2
10737418284	62	2	2
12884901968	62	2	2
15032385605	62	2	2
17179869228	62	2	2
17179869230	62	2	2
66571993100	62	2	2
68719476749	62	2	2
113816633365	62	2	2
143881404428	62	2	2
163208757265	62	2	2
6442451012	63	2	2
6442451020	63	2	2
19327352911	63	2	2
21474836493	63	2	2
21474836558	63	2	2
23622320206	63	2	2
150323855372	63	2	2
163208757267	63	2	2
8589934661	64	2	2
10737418285	64	2	2
10737418319	64	2	2
17179869252	64	2	2
19327352846	64	2	2
27917287436	64	2	2
53687091222	64	2	2
62277025815	64	2	2
79456895001	64	2	2
81604378647	64	2	2
152471339019	64	2	2
60129542168	65	2	2
70866960398	65	2	2
120259084301	65	2	2
8589934660	66	2	2
19327352877	66	2	2
73014444045	66	2	2
19327352899	67	2	2
79456894988	67	2	2
81604378648	67	2	2
139586437131	67	2	2
148176371724	67	2	2
6442451021	68	2	2
23622320208	68	2	2
25769803789	68	2	2
57982058520	68	2	2
109521666059	68	2	2
111669149717	68	2	2
158913789965	68	2	2
10737418286	69	2	2
15032385549	69	2	2
68719476759	69	2	2
105226698763	69	2	2
107374182421	69	2	2
113816633357	69	2	2
8589934659	70	2	2
10737418306	70	2	2
10737418309	70	2	2
19327352845	70	2	2
118111600654	70	2	2
169651208209	70	2	2
15032385604	71	2	2
23622320207	71	2	2
66571993113	71	2	2
68719476760	71	2	2
154618822667	71	2	2
25769803856	72	2	2
109521666071	72	2	2
137438953483	72	2	2
165356240914	72	2	2
15032385580	73	2	2
19327352898	73	2	2
64424509465	73	2	2
150323855371	73	2	2
171798691856	73	2	2
19327352844	74	2	2
126701535243	74	2	2
161061273615	74	2	2
6442451022	75	2	2
15032385602	75	2	2
36507222026	75	2	2
45097156616	75	2	2
55834574872	75	2	2
92341796874	75	2	2
158913789964	75	2	2
163208757266	75	2	2
66571993112	76	2	2
146028888075	76	2	2
161061273614	76	2	2
17179869264	77	2	2
167503724562	77	2	2
103079215125	78	2	2
4294967372	79	2	2
6442451023	79	2	2
21474836559	79	2	2
165356240913	79	2	2
4294967373	80	2	2
30064771083	80	2	2
64424509452	80	2	2
83751862283	80	2	2
4294967374	81	2	2
12884901933	81	2	2
49392123913	81	2	2
51539607575	81	2	2
53687091223	81	2	2
113816633356	81	2	2
161061273616	81	2	2
12884901956	82	2	2
122406567948	82	2	2
156766306315	82	2	2
161061273613	82	2	2
163208757264	82	2	2
167503724561	82	2	2
23622320141	83	2	2
23622320209	83	2	2
77309411340	84	2	2
105226698774	84	2	2
107374182422	84	2	2
163208757263	84	2	2
165356240912	84	2	2
10737418320	85	2	2
73014444044	85	2	2
75161927692	85	2	2
85899345931	85	2	2
107374182411	85	2	2
15032385548	86	2	2
23622320140	86	2	2
34359738378	86	2	2
47244640264	86	2	2
135291469834	86	2	2
148176371723	86	2	2
10737418307	87	2	2
17179869196	87	2	2
19327352912	87	2	2
92341796886	87	2	2
154618822666	87	2	2
21474836492	88	2	2
2147483725	89	2	2
17179869251	89	2	2
17179869265	89	2	2
21474836560	89	2	2
66571993099	89	2	2
8589934672	90	2	2
62277025804	90	2	2
70866960397	90	2	2
152471339018	90	2	2
2147483727	91	2	2
98784247818	92	2	2
109521666070	92	2	2
133143986186	92	2	2
171798691855	92	2	2
10737418308	93	2	2
25769803788	93	2	2
103079215115	93	2	2
115964117006	93	2	2
81604378635	94	2	2
15032385617	95	2	2
70866960396	95	2	2
158913789963	95	2	2
4294967375	96	2	2
12884901954	96	2	2
55834574856	97	2	2
115964117005	97	2	2
173946175503	97	2	2
2147483726	99	2	2
55834574871	99	2	2
68719476747	100	2	2
161061273612	100	2	2
118111600653	101	2	2
165356240911	101	2	2
21474836561	102	2	2
53687091208	102	2	2
4294967376	103	2	2
143881404427	103	2	2
169651208208	103	2	2
8589934604	105	2	2
27917287435	105	2	2
124554051595	105	2	2
12884901955	107	2	2
32212254730	107	2	2
6442451024	108	2	2
163208757262	108	2	2
8589934673	109	2	2
161061273611	110	2	2
21474836491	111	2	2
27917287506	111	2	2
100931731467	111	2	2
15032385618	112	2	2
25769803787	112	2	2
118111600652	112	2	2
10737418321	114	2	2
115964117004	114	2	2
51539607560	115	2	2
88046829578	115	2	2
92341796873	115	2	2
137438953482	116	2	2
15032385547	117	2	2
23622320210	117	2	2
25769803857	117	2	2
163208757261	117	2	2
171798691854	117	2	2
173946175502	117	2	2
2147483729	120	2	2
38654705673	120	2	2
73014444043	120	2	2
79456894987	120	2	2
23622320139	121	2	2
70866960395	122	2	2
167503724559	122	2	2
2147483728	123	2	2
30064771154	123	2	2
100931731466	123	2	2
165356240910	123	2	2
19327352843	124	2	2
115964117003	124	2	2
165356240909	124	2	2
19327352913	125	2	2
47244640263	126	2	2
111669149706	126	2	2
167503724558	126	2	2
120259084300	127	2	2
17179869195	128	2	2
4294967377	129	2	2
40802189321	129	2	2
75161927691	129	2	2
169651208207	129	2	2
176093659149	130	2	2
167503724560	131	2	2
178241142797	131	2	2
6442450955	133	2	2
17179869266	135	2	2
163208757260	135	2	2
6442451025	136	2	2
96636764170	138	2	2
30064771082	140	2	2
68719476746	140	2	2
90194313225	140	2	2
128849018890	140	2	2
34359738377	141	2	2
171798691853	141	2	2
49392123912	144	2	2
77309411339	144	2	2
150323855370	144	2	2
154618822665	144	2	2
4294967307	145	2	2
8589934603	145	2	2
126701535242	145	2	2
85899345930	148	2	2
107374182410	148	2	2
169651208206	151	2	2
27917287434	152	2	2
83751862282	152	2	2
120259084299	152	2	2
163208757259	152	2	2
21474836562	154	2	2
73014444042	154	2	2
165356240908	154	2	2
178241142796	154	2	2
161061273610	156	2	2
19327352914	158	2	2
173946175501	158	2	2
57982058505	159	2	2
109521666058	159	2	2
62277025803	160	2	2
148176371722	160	2	2
42949672968	162	2	2
25769803858	163	2	2
15032385619	165	2	2
15032385620	166	2	2
51539607559	167	2	2
143881404426	167	2	2
158913789962	167	2	2
10737418251	170	2	2
23622320211	170	2	2
57982058506	170	2	2
70866960394	170	2	2
81604378634	170	2	2
169651208205	170	2	2
25769803786	172	2	2
2147483658	173	2	2
53687091207	173	2	2
17179869267	175	2	2
118111600651	177	2	2
180388626444	177	2	2
2147483730	178	2	2
122406567947	179	2	2
2147483659	181	2	2
19327352842	181	2	2
94489280522	181	2	2
100931731465	181	2	2
49392123911	182	2	2
88046829577	183	2	2
90194313224	183	2	2
171798691852	183	2	2
49392123910	185	2	2
156766306314	185	2	2
55834574855	187	2	2
167503724557	187	2	2
23622320138	189	2	2
17179869268	190	2	2
146028888074	193	2	2
105226698759	196	2	2
113816633355	196	2	2
79456894986	197	2	2
83751862281	197	2	2
30064771081	198	2	2
92341796872	198	2	2
10737418250	200	2	2
75161927690	200	2	2
152471339017	200	2	2
27917287507	202	2	2
165356240907	202	2	2
176093659148	202	2	2
57982058504	203	2	2
70866960393	203	2	2
85899345929	203	2	2
98784247817	203	2	2
124554051594	203	2	2
139586437130	203	2	2
103079215111	204	2	2
103079215114	204	2	2
17179869269	207	2	2
51539607558	207	2	2
60129542154	207	2	2
167503724556	209	2	2
173946175500	210	2	2
51539607557	211	2	2
105226698758	212	2	2
15032385621	213	2	2
40802189320	213	2	2
135291469833	215	2	2
120259084298	216	2	2
169651208204	216	2	2
64424509451	219	2	2
88046829576	220	2	2
8589934674	221	2	2
103079215112	221	2	2
94489280521	224	2	2
105226698762	225	2	2
19327352916	226	2	2
167503724555	227	2	2
47244640262	228	2	2
111669149705	228	2	2
6442450954	229	2	2
19327352915	229	2	2
141733920778	230	2	2
85899345928	231	2	2
137438953481	231	2	2
45097156615	233	2	2
73014444041	234	2	2
77309411338	234	2	2
109521666057	234	2	2
21474836563	236	2	2
53687091206	236	2	2
154618822664	236	2	2
19327352917	239	2	2
103079215110	239	2	2
103079215113	239	2	2
133143986185	240	2	2
17179869270	241	2	2
27917287433	242	2	2
25769803785	243	2	2
70866960392	243	2	2
23622320212	244	2	2
75161927689	244	2	2
81604378633	244	2	2
150323855369	245	2	2
55834574854	246	2	2
105226698760	246	2	2
57982058503	248	2	2
171798691851	249	2	2
15032385622	250	2	2
83751862280	250	2	2
94489280520	251	2	2
4294967378	252	2	2
25769803859	252	2	2
66571993098	252	2	2
70866960391	253	2	2
79456894985	254	2	2
92341796871	254	2	2
100931731464	254	2	2
107374182406	254	2	2
156766306313	254	2	2
19327352918	257	2	2
4294967305	261	2	2
12884901898	262	2	2
23622320213	262	2	2
90194313223	262	2	2
173946175499	263	2	2
111669149703	264	2	2
111669149704	264	2	2
73014444040	265	2	2
139586437129	265	2	2
75161927688	266	2	2
118111600650	266	2	2
94489280519	267	2	2
107374182407	267	2	2
8589934601	268	2	2
169651208203	268	2	2
36507222025	271	2	2
113816633353	271	2	2
25769803860	272	2	2
45097156614	273	2	2
146028888073	273	2	2
17179869271	274	2	2
122406567946	275	2	2
109521666054	276	2	2
42949672967	277	2	2
100931731463	278	2	2
105226698761	278	2	2
21474836564	279	2	2
49392123909	279	2	2
4294967306	280	2	2
12884901969	280	2	2
19327352919	280	2	2
113816633352	280	2	2
68719476745	282	2	2
178241142795	282	2	2
2147483656	283	2	2
8589934602	283	2	2
107374182409	285	2	2
128849018889	285	2	2
107374182408	286	2	2
77309411337	287	2	2
105226698757	290	2	2
64424509450	291	2	2
62277025802	295	2	2
152471339016	297	2	2
96636764169	300	2	2
15032385623	301	2	2
113816633354	301	2	2
79456894984	302	2	2
109521666055	302	2	2
113816633351	302	2	2
6442450953	304	2	2
12884901895	304	2	2
2147483657	306	2	2
100931731462	306	2	2
2147483655	309	2	2
96636764167	310	2	2
148176371721	310	2	2
10737418248	311	2	2
6442450952	312	2	2
111669149702	314	2	2
73014444039	317	2	2
12884901897	318	2	2
92341796870	318	2	2
115964117002	318	2	2
21474836566	319	2	2
68719476744	319	2	2
154618822663	319	2	2
15032385546	322	2	2
70866960390	322	2	2
85899345927	322	2	2
94489280518	322	2	2
60129542152	323	2	2
4294967303	324	2	2
115964116999	325	2	2
21474836565	326	2	2
73014444038	329	2	2
17179869272	330	2	2
109521666056	330	2	2
100931731461	331	2	2
107374182405	332	2	2
66571993097	333	2	2
77309411336	333	2	2
8589934600	334	2	2
103079215109	334	2	2
10737418249	338	2	2
60129542153	338	2	2
150323855368	338	2	2
115964117000	340	2	2
47244640261	341	2	2
98784247814	341	2	2
130996502537	341	2	2
81604378631	342	2	2
154618822662	343	2	2
88046829575	346	2	2
152471339015	346	2	2
32212254729	348	2	2
8589934599	349	2	2
150323855366	349	2	2
12884901894	350	2	2
10737418247	351	2	2
96636764166	351	2	2
176093659147	352	2	2
75161927687	353	2	2
113816633350	354	2	2
4294967304	356	2	2
27917287432	356	2	2
141733920777	357	2	2
156766306312	357	2	2
53687091205	358	2	2
180388626443	358	2	2
98784247816	359	2	2
12884901896	360	2	2
38654705672	360	2	2
68719476743	360	2	2
141733920775	360	2	2
143881404425	361	2	2
141733920774	362	2	2
146028888070	362	2	2
15032385624	363	2	2
83751862279	365	2	2
161061273609	365	2	2
148176371720	372	2	2
51539607556	373	2	2
150323855367	374	2	2
6442450950	375	2	2
90194313222	375	2	2
10737418246	376	2	2
21474836490	376	2	2
57982058502	376	2	2
143881404422	376	2	2
163208757258	376	2	2
4294967302	377	2	2
96636764168	379	2	2
150323855365	380	2	2
109521666053	381	2	2
124554051593	381	2	2
62277025801	382	2	2
77309411335	382	2	2
148176371719	382	2	2
62277025799	384	2	2
115964116998	386	2	2
148176371718	386	2	2
17179869194	387	2	2
55834574853	388	2	2
60129542151	388	2	2
79456894983	392	2	2
143881404423	392	2	2
98784247813	394	2	2
135291469832	395	2	2
98784247815	397	2	2
8589934598	399	2	2
148176371717	399	2	2
6442450951	401	2	2
139586437128	405	2	2
146028888072	405	2	2
2147483654	406	2	2
126701535241	406	2	2
94489280517	409	2	2
143881404424	410	2	2
141733920776	411	2	2
165356240906	411	2	2
2147483731	412	2	2
40802189319	412	2	2
171798691850	412	2	2
139586437126	414	2	2
146028888071	414	2	2
73014444037	416	2	2
75161927686	416	2	2
139586437127	416	2	2
152471339013	416	2	2
12884901893	418	2	2
152471339014	418	2	2
96636764165	420	2	2
141733920773	423	2	2
115964117001	426	2	2
156766306311	427	2	2
62277025800	430	2	2
156766306310	430	2	2
42949672966	434	2	2
137438953480	435	2	2
81604378630	438	2	2
118111600646	438	2	2
53687091204	440	2	2
64424509449	440	2	2
85899345926	441	2	2
12884901975	444	2	2
111669149701	444	2	2
30064771080	451	2	2
60129542150	455	2	2
36507222024	456	2	2
118111600647	457	2	2
15032385542	458	2	2
154618822661	458	2	2
10737418245	459	2	2
68719476742	459	2	2
83751862278	462	2	2
120259084297	464	2	2
75161927685	466	2	2
34359738376	467	2	2
137438953478	467	2	2
66571993095	468	2	2
158913789961	468	2	2
139586437125	469	2	2
167503724554	471	2	2
137438953479	472	2	2
15032385625	474	2	2
45097156613	475	2	2
17179869190	476	2	2
32212254728	476	2	2
77309411334	476	2	2
12884901974	478	2	2
70866960389	478	2	2
64424509446	479	2	2
19327352841	482	2	2
66571993096	483	2	2
156766306309	483	2	2
64424509447	488	2	2
135291469830	488	2	2
6442450949	489	2	2
8589934597	489	2	2
66571993094	489	2	2
64424509448	490	2	2
88046829574	494	2	2
122406567945	494	2	2
23622320137	495	2	2
62277025798	496	2	2
21474836489	501	2	2
4294967301	503	2	2
12884901970	503	2	2
68719476741	504	2	2
103079215108	505	2	2
178241142794	510	2	2
57982058501	513	2	2
137438953477	513	2	2
49392123908	515	2	2
107374182404	519	2	2
105226698756	525	2	2
109521666052	527	2	2
118111600649	527	2	2
133143986184	528	2	2
135291469831	528	2	2
176093659146	529	2	2
92341796869	531	2	2
113816633349	532	2	2
19327352838	534	2	2
115964116997	534	2	2
150323855364	534	2	2
66571993093	538	2	2
15032385543	539	2	2
30064771079	539	2	2
6442451026	540	2	2
12884901976	540	2	2
120259084294	542	2	2
90194313221	546	2	2
40802189318	547	2	2
96636764164	552	2	2
38654705671	555	2	2
10737418322	556	2	2
173946175498	559	2	2
130996502536	560	2	2
158913789960	561	2	2
118111600645	567	2	2
148176371716	568	2	2
98784247812	578	2	2
100931731460	578	2	2
120259084293	580	2	2
158913789958	580	2	2
42949672965	581	2	2
141733920772	582	2	2
163208757257	582	2	2
83751862277	588	2	2
12884901973	589	2	2
75161927684	589	2	2
17179869191	590	2	2
111669149700	598	2	2
122406567942	603	2	2
85899345925	604	2	2
146028888068	605	2	2
158913789957	605	2	2
25769803784	607	2	2
77309411333	615	2	2
55834574852	617	2	2
64424509445	618	2	2
122406567941	624	2	2
12884901971	626	2	2
154618822660	626	2	2
34359738375	633	2	2
143881404420	634	2	2
88046829573	635	2	2
12884901892	641	2	2
128849018888	644	2	2
21474836486	646	2	2
169651208202	649	2	2
118111600648	650	2	2
23622320136	653	2	2
19327352837	654	2	2
180388626442	654	2	2
10737418327	657	2	2
139586437124	660	2	2
30064771078	663	2	2
94489280516	663	2	2
158913789956	663	2	2
124554051589	664	2	2
133143986183	664	2	2
152471339012	665	2	2
126701535240	666	2	2
79456894982	668	2	2
60129542149	670	2	2
62277025797	670	2	2
124554051592	671	2	2
47244640260	675	2	2
161061273608	678	2	2
182536110091	687	2	2
156766306308	688	2	2
38654705670	694	2	2
17179869193	695	2	2
15032385544	698	2	2
27917287431	698	2	2
73014444036	698	2	2
120259084295	698	2	2
158913789959	701	2	2
32212254726	702	2	2
178241142793	702	2	2
40802189317	703	2	2
21474836485	705	2	2
45097156612	707	2	2
36507222023	709	2	2
113816633348	710	2	2
12884901972	713	2	2
17179869189	715	2	2
19327352839	717	2	2
120259084296	721	2	2
10737418328	724	2	2
21474836487	724	2	2
15032385541	727	2	2
81604378629	730	2	2
77309411332	735	2	2
68719476740	736	2	2
70866960388	737	2	2
90194313220	739	2	2
6442450948	740	2	2
32212254727	740	2	2
8589934596	742	2	2
120259084292	742	2	2
10737418244	744	2	2
21474836488	745	2	2
122406567943	745	2	2
36507222022	746	2	2
128849018886	747	2	2
85899345924	750	2	2
8589934675	752	2	2
92341796868	752	2	2
15032385545	753	2	2
53687091203	753	2	2
122406567944	753	2	2
135291469829	761	2	2
51539607555	763	2	2
126701535237	763	2	2
66571993092	764	2	2
38654705669	766	2	2
6442451027	767	2	2
161061273607	774	2	2
128849018885	777	2	2
161061273605	779	2	2
4294967379	781	2	2
25769803783	786	2	2
19327352840	787	2	2
167503724553	787	2	2
17179869192	789	2	2
124554051590	792	2	2
23622320134	797	2	2
10737418323	800	2	2
8589934680	803	2	2
55834574851	803	2	2
23622320135	805	2	2
118111600644	809	2	2
105226698755	811	2	2
115964116996	811	2	2
34359738373	812	2	2
161061273604	813	2	2
133143986181	818	2	2
128849018884	820	2	2
124554051588	823	2	2
173946175497	827	2	2
79456894981	831	2	2
57982058500	834	2	2
122406567940	834	2	2
161061273606	839	2	2
163208757253	842	2	2
111669149699	843	2	2
128849018887	845	2	2
10737418326	850	2	2
109521666051	850	2	2
98784247811	851	2	2
163208757252	854	2	2
30064771077	857	2	2
12884901977	858	2	2
23622320133	858	2	2
34359738374	858	2	2
141733920771	859	2	2
36507222021	863	2	2
103079215107	863	2	2
126701535236	866	2	2
2147483653	873	2	2
150323855363	873	2	2
126701535239	875	2	2
88046829572	877	2	2
133143986182	877	2	2
176093659145	880	2	2
163208757256	881	2	2
165356240905	881	2	2
27917287430	884	2	2
180388626441	888	2	2
130996502533	890	2	2
64424509444	896	2	2
126701535238	896	2	2
163208757254	896	2	2
15032385540	900	2	2
165356240901	906	2	2
146028888067	907	2	2
148176371715	912	2	2
32212254725	922	2	2
25769803781	923	2	2
100931731459	929	2	2
107374182403	929	2	2
25769803782	936	2	2
165356240900	938	2	2
124554051591	941	2	2
27917287429	942	2	2
130996502534	943	2	2
42949672964	944	2	2
184683593738	947	2	2
143881404419	949	2	2
169651208201	958	2	2
60129542148	962	2	2
96636764163	962	2	2
40802189316	964	2	2
49392123907	973	2	2
62277025796	976	2	2
2147483732	978	2	2
10737418329	980	2	2
167503724548	981	2	2
158913789955	986	2	2
130996502535	989	2	2
10737418324	990	2	2
27917287428	991	2	2
182536110090	995	2	2
10737418325	997	2	2
94489280515	999	2	2
30064771076	1004	2	2
21474836484	1011	2	2
19327352836	1014	2	2
8589934679	1017	2	2
135291469828	1018	2	2
178241142792	1021	2	2
180388626440	1023	2	2
77309411331	1028	2	2
81604378628	1031	2	2
137438953476	1039	2	2
4294967380	1043	2	2
163208757255	1044	2	2
36507222020	1055	2	2
90194313219	1055	2	2
8589934676	1060	2	2
167503724549	1063	2	2
92341796867	1066	2	2
152471339011	1066	2	2
47244640259	1068	2	2
17179869188	1069	2	2
156766306307	1071	2	2
83751862276	1073	2	2
75161927683	1075	2	2
79456894980	1076	2	2
12884901891	1079	2	2
73014444035	1079	2	2
8589934681	1089	2	2
10737418243	1093	2	2
70866960387	1095	2	2
165356240902	1098	2	2
66571993091	1105	2	2
133143986180	1106	2	2
23622320132	1108	2	2
115964116995	1108	2	2
6442451032	1110	2	2
130996502532	1110	2	2
120259084291	1113	2	2
161061273603	1116	2	2
180388626437	1119	2	2
38654705668	1120	2	2
171798691849	1120	2	2
88046829571	1121	2	2
163208757251	1121	2	2
122406567939	1122	2	2
128849018883	1125	2	2
25769803780	1130	2	2
124554051587	1137	2	2
165356240904	1138	2	2
68719476739	1141	2	2
171798691844	1149	2	2
2147483733	1158	2	2
180388626439	1161	2	2
154618822659	1162	2	2
176093659144	1163	2	2
169651208196	1168	2	2
180388626438	1175	2	2
171798691845	1197	2	2
126701535235	1198	2	2
4294967300	1202	2	2
8589934678	1205	2	2
113816633347	1210	2	2
176093659140	1217	2	2
178241142788	1217	2	2
32212254724	1219	2	2
178241142790	1222	2	2
45097156611	1227	2	2
169651208197	1228	2	2
173946175493	1234	2	2
2147483736	1237	2	2
171798691846	1237	2	2
6442451031	1238	2	2
34359738372	1243	2	2
178241142791	1244	2	2
8589934595	1245	2	2
176093659141	1246	2	2
6442451033	1249	2	2
12884901978	1251	2	2
57982058499	1251	2	2
173946175492	1261	2	2
42949672963	1263	2	2
178241142789	1264	2	2
182536110089	1281	2	2
182536110086	1282	2	2
167503724547	1288	2	2
184683593737	1291	2	2
2147483737	1292	2	2
4294967384	1296	2	2
176093659142	1297	2	2
167503724552	1302	2	2
173946175494	1307	2	2
182536110085	1310	2	2
8589934677	1311	2	2
167503724550	1322	2	2
184683593733	1326	2	2
165356240903	1327	2	2
27917287427	1328	2	2
180388626436	1332	2	2
169651208200	1335	2	2
15032385539	1337	2	2
176093659143	1340	2	2
6442451028	1344	2	2
182536110087	1345	2	2
184683593734	1349	2	2
169651208198	1351	2	2
2147483734	1359	2	2
55834574850	1363	2	2
139586437123	1364	2	2
64424509443	1366	2	2
79456894979	1368	2	2
182536110088	1371	2	2
4294967385	1373	2	2
130996502531	1382	2	2
165356240899	1387	2	2
171798691848	1395	2	2
2147483735	1404	2	2
4294967383	1416	2	2
17179869187	1417	2	2
30064771075	1419	2	2
60129542147	1422	2	2
184683593735	1423	2	2
85899345923	1426	2	2
100931731458	1426	2	2
173946175495	1427	2	2
4294967381	1428	2	2
6442451030	1429	2	2
107374182402	1431	2	2
19327352835	1434	2	2
90194313218	1435	2	2
169651208195	1438	2	2
173946175496	1439	2	2
2147483652	1446	2	2
169651208199	1449	2	2
118111600643	1453	2	2
103079215106	1455	2	2
167503724551	1455	2	2
184683593736	1456	2	2
137438953475	1457	2	2
6442451029	1468	2	2
135291469827	1470	2	2
38654705667	1474	2	2
10737418330	1480	2	2
186831077381	1480	2	2
184683593732	1484	2	2
133143986179	1488	2	2
171798691847	1490	2	2
8589934682	1492	2	2
195421011973	1499	2	2
83751862275	1501	2	2
62277025795	1506	2	2
111669149698	1507	2	2
193273528326	1508	2	2
186831077382	1510	2	2
51539607554	1511	2	2
40802189315	1513	2	2
109521666050	1514	2	2
4294967382	1515	2	2
150323855362	1517	2	2
25769803779	1519	2	2
182536110084	1552	2	2
98784247810	1553	2	2
53687091202	1566	2	2
94489280514	1569	2	2
193273528325	1578	2	2
2147483738	1579	2	2
92341796866	1588	2	2
96636764162	1590	2	2
73014444034	1592	2	2
191126044677	1598	2	2
148176371714	1605	2	2
32212254723	1614	2	2
124554051586	1614	2	2
188978561029	1620	2	2
34359738371	1628	2	2
186831077385	1630	2	2
81604378627	1631	2	2
12884901890	1632	2	2
176093659139	1646	2	2
105226698754	1657	2	2
68719476738	1664	2	2
191126044678	1667	2	2
186831077384	1671	2	2
186831077383	1684	2	2
36507222019	1689	2	2
66571993090	1698	2	2
70866960386	1700	2	2
180388626435	1710	2	2
191126044679	1711	2	2
4294967386	1716	2	2
188978561030	1716	2	2
146028888066	1724	2	2
188978561032	1731	2	2
57982058498	1734	2	2
191126044676	1737	2	2
171798691843	1738	2	2
45097156610	1743	2	2
152471339010	1744	2	2
188978561031	1746	2	2
49392123906	1748	2	2
161061273602	1748	2	2
75161927682	1750	2	2
173946175491	1750	2	2
143881404418	1768	2	2
77309411330	1770	2	2
178241142787	1794	2	2
197568495620	1803	2	2
23622320131	1807	2	2
113816633346	1810	2	2
154618822658	1816	2	2
6442450947	1819	2	2
10737418242	1828	2	2
6442451034	1835	2	2
193273528324	1844	2	2
195421011972	1874	2	2
158913789954	1883	2	2
128849018882	1891	2	2
188978561028	1918	2	2
186831077380	1921	2	2
19327352834	1943	2	2
47244640258	1943	2	2
126701535234	1945	2	2
21474836483	1952	2	2
115964116994	1970	2	2
42949672962	1971	2	2
27917287426	2010	2	2
163208757250	2014	2	2
10737418331	2030	2	2
118111600642	2048	2	2
81604378626	2049	2	2
4294967299	2054	2	2
2147483739	2056	2	2
122406567938	2072	2	2
156766306306	2085	2	2
103079215105	2110	2	2
130996502530	2149	2	2
60129542146	2151	2	2
120259084290	2154	2	2
85899345922	2156	2	2
133143986178	2168	2	2
79456894978	2171	2	2
2147483651	2190	2	2
92341796865	2192	2	2
165356240898	2194	2	2
8589934683	2196	2	2
109521666049	2202	2	2
193273528323	2225	2	2
167503724546	2227	2	2
169651208194	2254	2	2
64424509442	2263	2	2
191126044675	2274	2	2
137438953474	2283	2	2
195421011971	2288	2	2
139586437122	2299	2	2
40802189314	2300	2	2
88046829570	2303	2	2
135291469826	2311	2	2
111669149697	2313	2	2
184683593731	2329	2	2
30064771074	2337	2	2
141733920770	2370	2	2
105226698753	2375	2	2
25769803778	2393	2	2
17179869186	2394	2	2
182536110083	2418	2	2
75161927681	2426	2	2
100931731457	2439	2	2
83751862274	2449	2	2
94489280513	2449	2	2
98784247809	2453	2	2
62277025794	2457	2	2
36507222018	2464	2	2
197568495619	2464	2	2
171798691842	2480	2	2
73014444033	2513	2	2
34359738370	2525	2	2
96636764161	2530	2	2
4294967387	2531	2	2
70866960385	2559	2	2
15032385538	2569	2	2
186831077379	2575	2	2
178241142786	2576	2	2
32212254722	2580	2	2
188978561027	2643	2	2
199715979267	2661	2	2
38654705666	2665	2	2
107374182401	2683	2	2
6442451035	2685	2	2
150323855361	2686	2	2
68719476737	2689	2	2
77309411329	2723	2	2
113816633345	2806	2	2
12884901889	2831	2	2
126701535233	2843	2	2
51539607553	2847	2	2
148176371713	2856	2	2
152471339009	2857	2	2
176093659138	2858	2	2
128849018881	2887	2	2
66571993089	2890	2	2
8589934594	2899	2	2
195421011970	2913	2	2
124554051585	2915	2	2
90194313217	2924	2	2
120259084289	2932	2	2
115964116993	2953	2	2
6442450946	2954	2	2
47244640257	2954	2	2
8589934684	2966	2	2
154618822657	2968	2	2
42949672961	2977	2	2
57982058497	2980	2	2
173946175490	3000	2	2
45097156609	3009	2	2
2147483740	3012	2	2
55834574849	3021	2	2
146028888065	3035	2	2
193273528322	3046	2	2
53687091201	3061	2	2
161061273601	3068	2	2
2147483664	0	2	0
2147483665	0	2	0
2147483667	0	2	0
2147483674	0	2	0
2147483675	0	2	0
2147483676	0	2	0
2147483677	0	2	0
2147483678	0	2	0
2147483679	0	2	0
2147483680	0	2	0
2147483681	0	2	0
2147483682	0	2	0
2147483683	0	2	0
2147483684	0	2	0
2147483685	0	2	0
2147483686	0	2	0
2147483687	0	2	0
2147483689	0	2	0
2147483700	0	2	0
2147483701	0	2	0
2147483702	0	2	0
2147483703	0	2	0
2147483704	0	2	0
2147483705	0	2	0
2147483706	0	2	0
2147483707	0	2	0
2147483708	0	2	0
4294967312	0	2	0
4294967313	0	2	0
4294967314	0	2	0
4294967321	0	2	0
4294967322	0	2	0
4294967323	0	2	0
4294967324	0	2	0
4294967325	0	2	0
4294967326	0	2	0
4294967327	0	2	0
4294967328	0	2	0
4294967329	0	2	0
4294967330	0	2	0
4294967331	0	2	0
4294967332	0	2	0
4294967333	0	2	0
4294967334	0	2	0
4294967347	0	2	0
4294967349	0	2	0
4294967350	0	2	0
4294967351	0	2	0
4294967352	0	2	0
4294967353	0	2	0
4294967354	0	2	0
6442450962	0	2	0
6442450968	0	2	0
6442450969	0	2	0
6442450970	0	2	0
6442450971	0	2	0
6442450972	0	2	0
6442450973	0	2	0
6442450974	0	2	0
6442450975	0	2	0
6442450976	0	2	0
6442450977	0	2	0
6442450978	0	2	0
6442450979	0	2	0
6442450980	0	2	0
6442450981	0	2	0
6442450982	0	2	0
6442450995	0	2	0
6442450996	0	2	0
6442450998	0	2	0
6442450999	0	2	0
6442451000	0	2	0
6442451001	0	2	0
6442451002	0	2	0
6442451003	0	2	0
6442451004	0	2	0
8589934609	0	2	0
8589934610	0	2	0
8589934616	0	2	0
8589934617	0	2	0
8589934618	0	2	0
8589934619	0	2	0
8589934620	0	2	0
8589934621	0	2	0
8589934622	0	2	0
8589934623	0	2	0
8589934624	0	2	0
8589934625	0	2	0
8589934626	0	2	0
8589934627	0	2	0
8589934628	0	2	0
8589934629	0	2	0
8589934630	0	2	0
8589934632	0	2	0
8589934643	0	2	0
8589934644	0	2	0
8589934645	0	2	0
8589934646	0	2	0
8589934648	0	2	0
8589934651	0	2	0
8589934652	0	2	0
8589934653	0	2	0
10737418266	0	2	0
10737418267	0	2	0
10737418268	0	2	0
10737418269	0	2	0
10737418270	0	2	0
10737418271	0	2	0
10737418272	0	2	0
10737418273	0	2	0
10737418274	0	2	0
10737418275	0	2	0
10737418276	0	2	0
10737418277	0	2	0
10737418278	0	2	0
10737418292	0	2	0
10737418293	0	2	0
10737418294	0	2	0
10737418295	0	2	0
10737418299	0	2	0
12884901913	0	2	0
12884901914	0	2	0
12884901915	0	2	0
12884901916	0	2	0
12884901917	0	2	0
12884901918	0	2	0
12884901919	0	2	0
12884901920	0	2	0
12884901921	0	2	0
12884901922	0	2	0
12884901923	0	2	0
12884901924	0	2	0
12884901939	0	2	0
12884901940	0	2	0
12884901942	0	2	0
12884901944	0	2	0
12884901946	0	2	0
12884901948	0	2	0
12884901949	0	2	0
15032385563	0	2	0
15032385564	0	2	0
15032385565	0	2	0
15032385566	0	2	0
15032385567	0	2	0
15032385568	0	2	0
15032385569	0	2	0
15032385571	0	2	0
15032385572	0	2	0
15032385573	0	2	0
15032385575	0	2	0
17179869212	0	2	0
17179869214	0	2	0
17179869215	0	2	0
17179869216	0	2	0
17179869217	0	2	0
17179869218	0	2	0
17179869219	0	2	0
17179869220	0	2	0
17179869221	0	2	0
17179869223	0	2	0
17179869224	0	2	0
17179869242	0	2	0
19327352859	0	2	0
19327352860	0	2	0
19327352861	0	2	0
19327352862	0	2	0
19327352863	0	2	0
19327352864	0	2	0
19327352865	0	2	0
19327352866	0	2	0
19327352867	0	2	0
19327352868	0	2	0
19327352869	0	2	0
19327352870	0	2	0
19327352871	0	2	0
19327352872	0	2	0
19327352891	0	2	0
21474836507	0	2	0
21474836508	0	2	0
21474836509	0	2	0
21474836510	0	2	0
21474836513	0	2	0
21474836516	0	2	0
21474836518	0	2	0
21474836519	0	2	0
21474836538	0	2	0
21474836541	0	2	0
23622320158	0	2	0
23622320159	0	2	0
23622320162	0	2	0
23622320163	0	2	0
23622320165	0	2	0
23622320166	0	2	0
23622320167	0	2	0
23622320168	0	2	0
23622320186	0	2	0
23622320188	0	2	0
23622320189	0	2	0
25769803792	0	2	0
25769803808	0	2	0
25769803809	0	2	0
25769803810	0	2	0
25769803811	0	2	0
25769803812	0	2	0
25769803813	0	2	0
25769803814	0	2	0
25769803833	0	2	0
25769803835	0	2	0
25769803836	0	2	0
25769803838	0	2	0
27917287438	0	2	0
27917287452	0	2	0
27917287454	0	2	0
27917287456	0	2	0
27917287457	0	2	0
27917287458	0	2	0
27917287459	0	2	0
27917287460	0	2	0
27917287461	0	2	0
27917287462	0	2	0
27917287480	0	2	0
27917287481	0	2	0
27917287482	0	2	0
27917287483	0	2	0
27917287484	0	2	0
27917287485	0	2	0
30064771085	0	2	0
30064771086	0	2	0
30064771103	0	2	0
30064771104	0	2	0
30064771105	0	2	0
30064771106	0	2	0
30064771107	0	2	0
30064771108	0	2	0
30064771109	0	2	0
30064771110	0	2	0
30064771111	0	2	0
30064771127	0	2	0
30064771128	0	2	0
30064771129	0	2	0
30064771130	0	2	0
30064771131	0	2	0
30064771132	0	2	0
30064771133	0	2	0
30064771134	0	2	0
32212254733	0	2	0
32212254734	0	2	0
32212254735	0	2	0
32212254749	0	2	0
32212254751	0	2	0
32212254752	0	2	0
32212254754	0	2	0
32212254755	0	2	0
32212254756	0	2	0
32212254757	0	2	0
32212254758	0	2	0
32212254759	0	2	0
32212254774	0	2	0
32212254775	0	2	0
32212254776	0	2	0
32212254777	0	2	0
32212254778	0	2	0
32212254779	0	2	0
32212254780	0	2	0
32212254781	0	2	0
32212254782	0	2	0
34359738381	0	2	0
34359738382	0	2	0
34359738383	0	2	0
34359738384	0	2	0
34359738399	0	2	0
34359738400	0	2	0
34359738401	0	2	0
34359738402	0	2	0
34359738403	0	2	0
34359738404	0	2	0
34359738405	0	2	0
34359738407	0	2	0
34359738408	0	2	0
34359738421	0	2	0
34359738422	0	2	0
34359738423	0	2	0
34359738424	0	2	0
34359738425	0	2	0
34359738426	0	2	0
34359738428	0	2	0
34359738429	0	2	0
34359738430	0	2	0
36507222034	0	2	0
36507222047	0	2	0
36507222048	0	2	0
36507222049	0	2	0
36507222050	0	2	0
36507222051	0	2	0
36507222052	0	2	0
36507222053	0	2	0
36507222054	0	2	0
36507222055	0	2	0
36507222069	0	2	0
36507222070	0	2	0
36507222071	0	2	0
36507222072	0	2	0
36507222073	0	2	0
36507222074	0	2	0
36507222075	0	2	0
36507222078	0	2	0
38654705678	0	2	0
38654705679	0	2	0
38654705680	0	2	0
38654705681	0	2	0
38654705695	0	2	0
38654705696	0	2	0
38654705697	0	2	0
38654705698	0	2	0
38654705699	0	2	0
38654705700	0	2	0
38654705701	0	2	0
38654705702	0	2	0
38654705704	0	2	0
38654705716	0	2	0
38654705717	0	2	0
38654705718	0	2	0
38654705719	0	2	0
38654705720	0	2	0
38654705721	0	2	0
38654705722	0	2	0
38654705723	0	2	0
38654705724	0	2	0
38654705725	0	2	0
38654705727	0	2	0
38654705728	0	2	0
40802189324	0	2	0
40802189325	0	2	0
40802189326	0	2	0
40802189341	0	2	0
40802189342	0	2	0
40802189344	0	2	0
40802189346	0	2	0
40802189347	0	2	0
40802189348	0	2	0
40802189349	0	2	0
40802189350	0	2	0
40802189351	0	2	0
40802189352	0	2	0
40802189353	0	2	0
40802189364	0	2	0
40802189365	0	2	0
40802189366	0	2	0
40802189367	0	2	0
40802189368	0	2	0
40802189369	0	2	0
40802189370	0	2	0
40802189371	0	2	0
40802189372	0	2	0
40802189373	0	2	0
40802189374	0	2	0
42949672973	0	2	0
42949672974	0	2	0
42949672975	0	2	0
42949672989	0	2	0
42949672991	0	2	0
42949672992	0	2	0
42949672993	0	2	0
42949672994	0	2	0
42949672995	0	2	0
42949672996	0	2	0
42949672997	0	2	0
42949672998	0	2	0
42949672999	0	2	0
42949673000	0	2	0
42949673001	0	2	0
42949673011	0	2	0
42949673012	0	2	0
42949673013	0	2	0
42949673014	0	2	0
42949673015	0	2	0
42949673016	0	2	0
42949673018	0	2	0
42949673019	0	2	0
42949673022	0	2	0
42949673023	0	2	0
42949673025	0	2	0
42949673027	0	2	0
42949673031	0	2	0
45097156621	0	2	0
45097156622	0	2	0
45097156623	0	2	0
45097156638	0	2	0
45097156639	0	2	0
45097156640	0	2	0
45097156641	0	2	0
45097156642	0	2	0
45097156643	0	2	0
45097156644	0	2	0
45097156645	0	2	0
45097156646	0	2	0
45097156647	0	2	0
45097156659	0	2	0
45097156660	0	2	0
45097156661	0	2	0
45097156662	0	2	0
45097156663	0	2	0
45097156664	0	2	0
45097156665	0	2	0
45097156666	0	2	0
45097156667	0	2	0
45097156668	0	2	0
45097156670	0	2	0
45097156671	0	2	0
45097156672	0	2	0
45097156673	0	2	0
45097156674	0	2	0
45097156683	0	2	0
47244640286	0	2	0
47244640287	0	2	0
47244640288	0	2	0
47244640289	0	2	0
47244640290	0	2	0
47244640291	0	2	0
47244640292	0	2	0
47244640293	0	2	0
47244640294	0	2	0
47244640306	0	2	0
47244640307	0	2	0
47244640308	0	2	0
47244640309	0	2	0
47244640310	0	2	0
47244640312	0	2	0
47244640313	0	2	0
47244640314	0	2	0
47244640315	0	2	0
47244640317	0	2	0
47244640319	0	2	0
47244640320	0	2	0
47244640321	0	2	0
47244640322	0	2	0
49392123920	0	2	0
49392123934	0	2	0
49392123935	0	2	0
49392123936	0	2	0
49392123937	0	2	0
49392123938	0	2	0
49392123939	0	2	0
49392123940	0	2	0
49392123941	0	2	0
49392123942	0	2	0
49392123944	0	2	0
49392123954	0	2	0
49392123955	0	2	0
49392123956	0	2	0
49392123957	0	2	0
49392123958	0	2	0
49392123959	0	2	0
49392123960	0	2	0
49392123961	0	2	0
49392123962	0	2	0
49392123963	0	2	0
49392123964	0	2	0
49392123965	0	2	0
49392123966	0	2	0
49392123967	0	2	0
49392123968	0	2	0
49392123969	0	2	0
49392123970	0	2	0
51539607581	0	2	0
51539607584	0	2	0
51539607586	0	2	0
51539607587	0	2	0
51539607588	0	2	0
51539607589	0	2	0
51539607590	0	2	0
51539607591	0	2	0
51539607604	0	2	0
51539607605	0	2	0
51539607606	0	2	0
51539607607	0	2	0
51539607608	0	2	0
51539607609	0	2	0
51539607610	0	2	0
51539607611	0	2	0
51539607612	0	2	0
51539607613	0	2	0
51539607614	0	2	0
51539607615	0	2	0
51539607616	0	2	0
51539607617	0	2	0
51539607618	0	2	0
51539607619	0	2	0
53687091216	0	2	0
53687091233	0	2	0
53687091234	0	2	0
53687091235	0	2	0
53687091236	0	2	0
53687091237	0	2	0
53687091238	0	2	0
53687091239	0	2	0
53687091241	0	2	0
53687091251	0	2	0
53687091252	0	2	0
53687091253	0	2	0
53687091254	0	2	0
53687091255	0	2	0
53687091256	0	2	0
53687091257	0	2	0
53687091258	0	2	0
53687091259	0	2	0
53687091260	0	2	0
53687091261	0	2	0
53687091262	0	2	0
53687091263	0	2	0
53687091264	0	2	0
53687091265	0	2	0
53687091266	0	2	0
55834574880	0	2	0
55834574881	0	2	0
55834574882	0	2	0
55834574883	0	2	0
55834574884	0	2	0
55834574885	0	2	0
55834574886	0	2	0
55834574887	0	2	0
55834574888	0	2	0
55834574898	0	2	0
55834574900	0	2	0
55834574901	0	2	0
55834574902	0	2	0
55834574903	0	2	0
55834574904	0	2	0
55834574905	0	2	0
55834574906	0	2	0
55834574907	0	2	0
55834574908	0	2	0
55834574909	0	2	0
55834574910	0	2	0
55834574911	0	2	0
55834574912	0	2	0
55834574913	0	2	0
55834574914	0	2	0
55834574915	0	2	0
55834574917	0	2	0
57982058529	0	2	0
57982058530	0	2	0
57982058531	0	2	0
57982058532	0	2	0
57982058533	0	2	0
57982058534	0	2	0
57982058536	0	2	0
57982058537	0	2	0
57982058538	0	2	0
57982058539	0	2	0
57982058546	0	2	0
57982058547	0	2	0
57982058548	0	2	0
57982058549	0	2	0
57982058550	0	2	0
57982058551	0	2	0
57982058552	0	2	0
57982058553	0	2	0
57982058554	0	2	0
57982058555	0	2	0
57982058556	0	2	0
57982058557	0	2	0
57982058558	0	2	0
57982058559	0	2	0
57982058560	0	2	0
57982058561	0	2	0
57982058562	0	2	0
57982058563	0	2	0
57982058564	0	2	0
57982058565	0	2	0
60129542175	0	2	0
60129542176	0	2	0
60129542177	0	2	0
60129542178	0	2	0
60129542179	0	2	0
60129542180	0	2	0
60129542181	0	2	0
60129542182	0	2	0
60129542183	0	2	0
60129542184	0	2	0
60129542185	0	2	0
60129542186	0	2	0
60129542187	0	2	0
60129542193	0	2	0
60129542195	0	2	0
60129542196	0	2	0
60129542197	0	2	0
60129542198	0	2	0
60129542199	0	2	0
60129542200	0	2	0
60129542201	0	2	0
60129542202	0	2	0
60129542203	0	2	0
60129542204	0	2	0
60129542205	0	2	0
60129542206	0	2	0
60129542207	0	2	0
60129542208	0	2	0
60129542209	0	2	0
60129542210	0	2	0
60129542211	0	2	0
60129542212	0	2	0
62277025824	0	2	0
62277025825	0	2	0
62277025826	0	2	0
62277025827	0	2	0
62277025828	0	2	0
62277025829	0	2	0
62277025830	0	2	0
62277025831	0	2	0
62277025832	0	2	0
62277025833	0	2	0
62277025834	0	2	0
62277025835	0	2	0
62277025842	0	2	0
62277025843	0	2	0
62277025844	0	2	0
62277025845	0	2	0
62277025846	0	2	0
62277025847	0	2	0
62277025848	0	2	0
62277025849	0	2	0
62277025850	0	2	0
62277025851	0	2	0
62277025852	0	2	0
62277025853	0	2	0
62277025854	0	2	0
62277025855	0	2	0
62277025856	0	2	0
62277025857	0	2	0
62277025858	0	2	0
62277025859	0	2	0
64424509472	0	2	0
64424509473	0	2	0
64424509474	0	2	0
64424509475	0	2	0
64424509476	0	2	0
64424509477	0	2	0
64424509478	0	2	0
64424509480	0	2	0
64424509481	0	2	0
64424509482	0	2	0
64424509483	0	2	0
64424509490	0	2	0
64424509491	0	2	0
64424509492	0	2	0
64424509493	0	2	0
64424509494	0	2	0
64424509495	0	2	0
64424509496	0	2	0
64424509497	0	2	0
64424509498	0	2	0
64424509499	0	2	0
64424509500	0	2	0
64424509501	0	2	0
64424509502	0	2	0
64424509503	0	2	0
64424509504	0	2	0
64424509505	0	2	0
64424509506	0	2	0
66571993119	0	2	0
66571993120	0	2	0
66571993121	0	2	0
66571993122	0	2	0
66571993123	0	2	0
66571993124	0	2	0
66571993125	0	2	0
66571993126	0	2	0
66571993127	0	2	0
66571993129	0	2	0
66571993130	0	2	0
66571993137	0	2	0
66571993138	0	2	0
66571993139	0	2	0
66571993140	0	2	0
66571993141	0	2	0
66571993142	0	2	0
66571993143	0	2	0
66571993144	0	2	0
66571993145	0	2	0
66571993146	0	2	0
66571993147	0	2	0
66571993148	0	2	0
66571993149	0	2	0
66571993150	0	2	0
66571993151	0	2	0
66571993152	0	2	0
66571993153	0	2	0
68719476769	0	2	0
68719476770	0	2	0
68719476771	0	2	0
68719476772	0	2	0
68719476773	0	2	0
68719476774	0	2	0
68719476775	0	2	0
68719476776	0	2	0
68719476777	0	2	0
68719476778	0	2	0
68719476785	0	2	0
68719476786	0	2	0
68719476787	0	2	0
68719476788	0	2	0
68719476789	0	2	0
68719476790	0	2	0
68719476791	0	2	0
68719476792	0	2	0
68719476793	0	2	0
68719476794	0	2	0
68719476795	0	2	0
68719476796	0	2	0
68719476797	0	2	0
68719476798	0	2	0
68719476799	0	2	0
68719476800	0	2	0
70866960415	0	2	0
70866960416	0	2	0
70866960417	0	2	0
70866960418	0	2	0
70866960419	0	2	0
70866960420	0	2	0
70866960421	0	2	0
70866960422	0	2	0
70866960423	0	2	0
70866960424	0	2	0
70866960425	0	2	0
70866960426	0	2	0
70866960431	0	2	0
70866960432	0	2	0
70866960433	0	2	0
70866960434	0	2	0
70866960435	0	2	0
70866960436	0	2	0
70866960437	0	2	0
70866960438	0	2	0
70866960439	0	2	0
70866960440	0	2	0
70866960441	0	2	0
70866960442	0	2	0
70866960443	0	2	0
70866960444	0	2	0
70866960445	0	2	0
70866960446	0	2	0
70866960447	0	2	0
73014444064	0	2	0
73014444065	0	2	0
73014444066	0	2	0
73014444067	0	2	0
73014444068	0	2	0
73014444069	0	2	0
73014444070	0	2	0
73014444071	0	2	0
73014444072	0	2	0
73014444075	0	2	0
73014444079	0	2	0
73014444081	0	2	0
73014444082	0	2	0
73014444083	0	2	0
73014444084	0	2	0
73014444085	0	2	0
73014444086	0	2	0
73014444087	0	2	0
73014444088	0	2	0
73014444089	0	2	0
73014444090	0	2	0
73014444091	0	2	0
73014444092	0	2	0
73014444093	0	2	0
73014444094	0	2	0
75161927711	0	2	0
75161927712	0	2	0
75161927713	0	2	0
75161927714	0	2	0
75161927715	0	2	0
75161927716	0	2	0
75161927717	0	2	0
75161927718	0	2	0
75161927719	0	2	0
75161927720	0	2	0
75161927721	0	2	0
75161927722	0	2	0
75161927725	0	2	0
75161927726	0	2	0
75161927727	0	2	0
75161927728	0	2	0
75161927730	0	2	0
75161927731	0	2	0
75161927732	0	2	0
75161927733	0	2	0
75161927734	0	2	0
75161927735	0	2	0
75161927736	0	2	0
75161927737	0	2	0
75161927738	0	2	0
75161927739	0	2	0
75161927740	0	2	0
75161927741	0	2	0
77309411345	0	2	0
77309411346	0	2	0
77309411359	0	2	0
77309411361	0	2	0
77309411362	0	2	0
77309411363	0	2	0
77309411364	0	2	0
77309411365	0	2	0
77309411366	0	2	0
77309411367	0	2	0
77309411368	0	2	0
77309411369	0	2	0
77309411371	0	2	0
77309411372	0	2	0
77309411376	0	2	0
77309411377	0	2	0
77309411378	0	2	0
77309411379	0	2	0
77309411380	0	2	0
77309411381	0	2	0
77309411382	0	2	0
77309411383	0	2	0
77309411384	0	2	0
77309411385	0	2	0
77309411386	0	2	0
77309411387	0	2	0
77309411388	0	2	0
79456895008	0	2	0
79456895009	0	2	0
79456895010	0	2	0
79456895011	0	2	0
79456895012	0	2	0
79456895013	0	2	0
79456895014	0	2	0
79456895015	0	2	0
79456895016	0	2	0
79456895018	0	2	0
79456895019	0	2	0
79456895020	0	2	0
79456895022	0	2	0
79456895027	0	2	0
79456895028	0	2	0
79456895029	0	2	0
79456895030	0	2	0
79456895031	0	2	0
79456895032	0	2	0
79456895033	0	2	0
79456895034	0	2	0
79456895035	0	2	0
81604378640	0	2	0
81604378655	0	2	0
81604378656	0	2	0
81604378657	0	2	0
81604378658	0	2	0
81604378659	0	2	0
81604378660	0	2	0
81604378661	0	2	0
81604378662	0	2	0
81604378663	0	2	0
81604378664	0	2	0
81604378665	0	2	0
81604378666	0	2	0
81604378667	0	2	0
81604378669	0	2	0
81604378673	0	2	0
81604378674	0	2	0
81604378675	0	2	0
81604378676	0	2	0
81604378677	0	2	0
81604378678	0	2	0
81604378679	0	2	0
81604378680	0	2	0
81604378681	0	2	0
81604378682	0	2	0
83751862287	0	2	0
83751862303	0	2	0
83751862304	0	2	0
83751862305	0	2	0
83751862306	0	2	0
83751862307	0	2	0
83751862308	0	2	0
83751862309	0	2	0
83751862310	0	2	0
83751862311	0	2	0
83751862314	0	2	0
83751862324	0	2	0
83751862326	0	2	0
83751862327	0	2	0
83751862328	0	2	0
83751862329	0	2	0
85899345952	0	2	0
85899345953	0	2	0
85899345954	0	2	0
85899345955	0	2	0
85899345956	0	2	0
85899345957	0	2	0
85899345958	0	2	0
85899345959	0	2	0
85899345960	0	2	0
85899345961	0	2	0
85899345974	0	2	0
85899345975	0	2	0
85899345976	0	2	0
88046829598	0	2	0
88046829599	0	2	0
88046829600	0	2	0
88046829601	0	2	0
88046829602	0	2	0
88046829603	0	2	0
88046829604	0	2	0
88046829606	0	2	0
88046829607	0	2	0
88046829608	0	2	0
90194313246	0	2	0
90194313248	0	2	0
90194313249	0	2	0
90194313250	0	2	0
90194313251	0	2	0
90194313253	0	2	0
90194313255	0	2	0
92341796894	0	2	0
92341796897	0	2	0
92341796898	0	2	0
92341796900	0	2	0
92341796902	0	2	0
92341796912	0	2	0
94489280544	0	2	0
94489280545	0	2	0
94489280546	0	2	0
94489280547	0	2	0
94489280548	0	2	0
94489280549	0	2	0
94489280552	0	2	0
94489280553	0	2	0
96636764190	0	2	0
96636764191	0	2	0
96636764192	0	2	0
96636764193	0	2	0
96636764194	0	2	0
96636764195	0	2	0
96636764196	0	2	0
96636764197	0	2	0
96636764200	0	2	0
98784247838	0	2	0
98784247839	0	2	0
98784247840	0	2	0
98784247841	0	2	0
98784247842	0	2	0
98784247843	0	2	0
98784247844	0	2	0
98784247846	0	2	0
98784247847	0	2	0
100931731472	0	2	0
100931731486	0	2	0
100931731487	0	2	0
100931731488	0	2	0
100931731489	0	2	0
100931731490	0	2	0
100931731491	0	2	0
100931731493	0	2	0
100931731494	0	2	0
100931731495	0	2	0
100931731496	0	2	0
100931731497	0	2	0
103079215132	0	2	0
103079215133	0	2	0
103079215134	0	2	0
103079215135	0	2	0
103079215136	0	2	0
103079215137	0	2	0
103079215140	0	2	0
103079215141	0	2	0
103079215142	0	2	0
103079215143	0	2	0
103079215144	0	2	0
105226698781	0	2	0
105226698782	0	2	0
105226698783	0	2	0
105226698784	0	2	0
105226698787	0	2	0
105226698788	0	2	0
105226698789	0	2	0
105226698790	0	2	0
105226698791	0	2	0
107374182416	0	2	0
107374182429	0	2	0
107374182430	0	2	0
107374182431	0	2	0
107374182432	0	2	0
107374182433	0	2	0
107374182434	0	2	0
107374182436	0	2	0
107374182438	0	2	0
107374182439	0	2	0
107374182440	0	2	0
107374182441	0	2	0
107374182442	0	2	0
109521666076	0	2	0
109521666077	0	2	0
109521666078	0	2	0
109521666079	0	2	0
109521666081	0	2	0
109521666082	0	2	0
109521666083	0	2	0
109521666084	0	2	0
109521666085	0	2	0
109521666087	0	2	0
109521666088	0	2	0
111669149726	0	2	0
111669149727	0	2	0
111669149728	0	2	0
111669149729	0	2	0
111669149730	0	2	0
111669149731	0	2	0
111669149732	0	2	0
111669149733	0	2	0
111669149734	0	2	0
111669149735	0	2	0
111669149736	0	2	0
111669149737	0	2	0
111669149738	0	2	0
111669149739	0	2	0
113816633375	0	2	0
113816633376	0	2	0
113816633377	0	2	0
113816633378	0	2	0
113816633379	0	2	0
113816633380	0	2	0
113816633381	0	2	0
113816633382	0	2	0
113816633383	0	2	0
113816633384	0	2	0
113816633385	0	2	0
113816633386	0	2	0
115964117023	0	2	0
115964117024	0	2	0
115964117026	0	2	0
115964117028	0	2	0
115964117029	0	2	0
115964117030	0	2	0
115964117031	0	2	0
115964117032	0	2	0
115964117033	0	2	0
115964117034	0	2	0
118111600670	0	2	0
118111600671	0	2	0
118111600672	0	2	0
118111600673	0	2	0
118111600674	0	2	0
118111600675	0	2	0
118111600676	0	2	0
118111600677	0	2	0
118111600678	0	2	0
118111600679	0	2	0
118111600680	0	2	0
118111600681	0	2	0
120259084318	0	2	0
120259084319	0	2	0
120259084320	0	2	0
120259084321	0	2	0
120259084322	0	2	0
120259084323	0	2	0
120259084324	0	2	0
120259084325	0	2	0
120259084326	0	2	0
120259084327	0	2	0
120259084328	0	2	0
122406567965	0	2	0
122406567966	0	2	0
122406567967	0	2	0
122406567968	0	2	0
122406567969	0	2	0
122406567970	0	2	0
122406567971	0	2	0
122406567972	0	2	0
122406567973	0	2	0
122406567974	0	2	0
122406567975	0	2	0
124554051612	0	2	0
124554051614	0	2	0
124554051616	0	2	0
124554051617	0	2	0
124554051618	0	2	0
124554051619	0	2	0
124554051620	0	2	0
124554051621	0	2	0
124554051622	0	2	0
126701535260	0	2	0
126701535263	0	2	0
126701535264	0	2	0
126701535265	0	2	0
126701535266	0	2	0
126701535267	0	2	0
126701535268	0	2	0
126701535269	0	2	0
128849018911	0	2	0
128849018912	0	2	0
128849018913	0	2	0
128849018915	0	2	0
128849018916	0	2	0
130996502558	0	2	0
130996502559	0	2	0
130996502561	0	2	0
130996502563	0	2	0
133143986207	0	2	0
133143986209	0	2	0
133143986210	0	2	0
135291469855	0	2	0
135291469856	0	2	0
135291469857	0	2	0
4294967298	3110	2	
83751862273	3157	2	
180388626434	3168	2	
60129542145	3169	2	
21474836482	3179	2	
197568495618	3193	2	
163208757249	3222	2	
156766306305	3258	2	
81604378625	3265	2	
118111600641	3288	2	
2147483743	3292	2	
23622320130	3312	2	
88046829569	3346	2	
182536110082	3405	2	
62277025793	3442	2	
19327352833	3448	2	
85899345921	3449	2	
167503724545	3464	2	
158913789953	3468	2	
191126044674	3523	2	
79456894977	3535	2	
30064771073	3540	2	
64424509441	3546	2	
184683593730	3575	2	
169651208193	3586	2	
4294967388	3607	2	
27917287425	3614	2	
49392123905	3622	2	
188978561026	3638	2	
165356240897	3646	2	
171798691841	3664	2	
130996502529	3672	2	
199715979266	3688	2	
38654705665	3697	2	
6442451036	3706	2	
133143986177	3744	2	
122406567937	3746	2	
201863462914	3751	2	
135291469825	3775	2	
139586437121	3812	2	
2147483650	3817	2	
15032385537	3825	2	
10737418241	3936	2	
40802189313	3978	2	
141733920769	3996	2	
178241142785	4025	2	
21474836481	4032	2	
195421011969	4049	2	
137438953473	4078	2	
173946175489	4107	2	
197568495617	4156	2	
34359738369	4203	2	
186831077378	4281	2	
4294967390	4309	2	
180388626433	4318	2	
25769803777	4336	2	
6442450945	4353	2	
2147483741	4369	2	
143881404417	4406	2	
176093659137	4427	2	
2147483742	4449	2	
8589934593	4507	2	
36507222017	4528	2	
17179869185	4571	2	
184683593729	4656	2	
32212254721	4658	2	
6442451037	4818	2	
199715979265	4824	2	
193273528321	4848	2	
191126044673	5006	2	
4294967389	5014	2	
201863462913	5132	2	
4294967297	5133	2	
23622320129	5162	2	
2147483649	5205	2	
182536110081	5340	2	
204010946561	5362	2	
188978561025	5842	2	
186831077377	5844	2	
