88046829584
85899345937
85899345936
83751862290
83751862289
81604378643
81604378642
81604378641
79456894996
79456894994
77309411349
77309411348
77309411347
77309411346
75161927702
75161927701
75161927700
73014444055
73014444054
73014444053
70866960408
70866960407
68719476760
66571993113
66571993101
64424509466
64424509465
64424509463
64424509462
64424509461
64424509460
64424509457
64424509454
64424509453
62277025818
62277025817
62277025816
62277025815
62277025814
62277025813
62277025812
62277025809
60129542172
60129542170
60129542169
60129542167
60129542166
60129542165
60129542163
57982058523
57982058522
57982058521
57982058520
57982058519
57982058518
57982058517
57982058513
55834574879
55834574875
55834574874
55834574873
55834574872
55834574871
55834574870
55834574866
53687091226
53687091225
53687091224
53687091218
51539607585
51539607584
51539607583
51539607578
51539607577
51539607575
51539607573
51539607570
51539607568
49392123938
49392123937
49392123928
49392123925
49392123923
47244640288
47244640287
47244640281
47244640280
47244640279
47244640278
45097156644
45097156643
45097156642
45097156641
45097156640
45097156632
45097156631
45097156630
45097156629
45097156628
45097156627
42949672997
42949672996
42949672985
42949672984
42949672982
40802189347
40802189346
40802189344
40802189338
40802189336
40802189334
38654705700
38654705699
38654705698
38654705697
38654705696
38654705690
36507222056
36507222052
36507222051
36507222049
36507222047
36507222034
34359738400
34359738395
34359738389
34359738386
32212254759
32212254757
32212254756
32212254755
32212254747
32212254745
32212254743
32212254741
32212254739
32212254738
30064771111
30064771106
30064771104
30064771097
30064771095
30064771094
30064771092
30064771091
30064771088
27917287462
27917287461
27917287448
27917287446
27917287445
27917287444
27917287441
27917287440
25769803815
25769803801
25769803800
25769803799
25769803798
25769803797
25769803794
23622320161
23622320160
23622320150
23622320147
23622320146
23622320145
21474836515
21474836514
21474836513
21474836503
21474836502
21474836501
21474836500
21474836498
19327352868
19327352867
19327352866
19327352865
19327352855
19327352854
19327352851
17179869221
17179869220
17179869219
15032385574
15032385573
15032385572
15032385571
15032385569
15032385558
15032385557
15032385555
12884901926
12884901925
12884901924
12884901923
12884901911
12884901910
12884901908
10737418278
10737418277
10737418276
10737418275
10737418274
10737418262
8589934631
8589934627
8589934626
8589934625
8589934615
6442450984
6442450980
6442450978
6442450977
6442450976
6442450975
6442450974
6442450968
6442450962
6442450961
4294967336
4294967335
4294967334
4294967333
4294967332
4294967331
4294967330
4294967329
4294967328
4294967327
4294967326
4294967324
4294967321
4294967320
4294967319
4294967315
2147483689
2147483688
2147483687
2147483686
2147483685
2147483683
2147483682
2147483681
2147483680
2147483678
2147483677
2147483676
2147483674
2147483670
2147483668
2147483667
2147483666
115964116994
98784247811
94489280514
90194313218
85899345922
83751862274
75161927682
70866960386
62277025795
53687091202
49392123906
47244640258
38654705666
34359738370
32212254722
30064771074
27917287426
25769803778
21474836482
19327352834
6442450997
4294967349
120259084289
103079215105
100931731457
98784247809
96636764161
85899345921
75161927681
68719476737
66571993089
62277025793
57982058497
53687091201
51539607553
47244640257
36507222017
34359738369
17179869185
