pair_id	rows	cols	config
10737418318	0	2	0
8589934650	0	2	0
2147483730	0	2	0
169651208195	3069	2	2
27917287430	3069	2	2
30064771078	3067	2	2
55834574853	3065	2	2
47244640260	3057	2	2
73014444037	3050	2	2
25769803781	3049	2	2
120259084291	3045	2	2
23622320131	3044	2	2
25769803780	3041	2	2
42949672965	3037	2	2
40802189317	3036	2	2
141733920775	3035	2	2
75161927685	3031	2	2
49392123910	3029	2	2
77309411334	3023	2	2
15032385538	3010	2	2
150323855366	2998	2	2
34359738375	2980	2	2
81604378629	2968	2	2
38654705670	2964	2	2
143881404423	2961	2	2
62277025799	2960	2	2
70866960389	2958	2	2
100931731459	2956	2	2
51539607558	2953	2	2
135291469830	2947	2	2
94489280516	2947	2	2
36507222022	2947	2	2
57982058501	2946	2	2
47244640261	2946	2	2
53687091206	2931	2	2
6442450946	2929	2	2
126701535237	2924	2	2
83751862277	2922	2	2
32212254727	2913	2	2
45097156613	2910	2	2
19327352835	2910	2	2
88046829573	2904	2	2
79456894982	2904	2	2
25769803782	2900	2	2
75161927686	2875	2	2
103079215105	2868	2	2
21474836483	2863	2	2
49392123909	2861	2	2
23622320132	2857	2	2
68719476742	2855	2	2
139586437127	2853	2	2
40802189318	2846	2	2
85899345925	2844	2	2
161061273606	2843	2	2
64424509447	2841	2	2
90194313221	2840	2	2
152471339015	2837	2	2
47244640263	2827	2	2
27917287432	2826	2	2
146028888071	2820	2	2
51539607559	2817	2	2
137438953479	2811	2	2
60129542149	2811	2	2
27917287431	2808	2	2
130996502531	2805	2	2
154618822663	2804	2	2
32212254728	2803	2	2
17179869187	2803	2	2
173946175491	2802	2	2
128849018886	2802	2	2
45097156614	2801	2	2
70866960390	2797	2	2
38654705671	2793	2	2
173946175492	2785	2	2
135291469831	2775	2	2
25769803783	2772	2	2
36507222023	2752	2	2
49392123911	2751	2	2
34359738376	2747	2	2
107374182401	2740	2	2
30064771080	2740	2	2
57982058502	2738	2	2
21474836484	2737	2	2
167503724548	2736	2	2
77309411335	2736	2	2
120259084292	2734	2	2
23622320133	2734	2	2
42949672966	2731	2	2
73014444038	2730	2	2
148176371719	2729	2	2
45097156616	2723	2	2
30064771081	2711	2	2
23622320134	2711	2	2
55834574854	2697	2	2
75161927687	2695	2	2
139586437128	2693	2	2
98784247812	2687	2	2
156766306311	2681	2	2
126701535238	2676	2	2
141733920776	2661	2	2
4294967298	2661	2	2
81604378630	2658	2	2
68719476743	2653	2	2
158913789959	2648	2	2
53687091207	2647	2	2
47244640262	2644	2	2
60129542150	2642	2	2
62277025800	2640	2	2
66571993095	2634	2	2
60129542151	2629	2	2
49392123912	2628	2	2
36507222024	2625	2	2
130996502532	2623	2	2
124554051587	2617	2	2
150323855367	2612	2	2
42949672967	2612	2	2
27917287433	2599	2	2
12884901890	2599	2	2
92341796869	2596	2	2
34359738377	2595	2	2
40802189319	2590	2	2
23622320135	2590	2	2
135291469832	2588	2	2
143881404424	2585	2	2
21474836485	2582	2	2
88046829574	2571	2	2
25769803784	2567	2	2
47244640264	2565	2	2
15032385539	2565	2	2
79456894983	2564	2	2
171798691844	2560	2	2
25769803785	2553	2	2
57982058503	2542	2	2
19327352836	2540	2	2
21474836487	2532	2	2
32212254729	2527	2	2
171798691845	2521	2	2
45097156615	2519	2	2
152471339016	2518	2	2
85899345926	2516	2	2
17179869188	2513	2	2
111669149697	2511	2	2
42949672969	2509	2	2
51539607560	2508	2	2
38654705672	2502	2	2
27917287434	2497	2	2
55834574855	2488	2	2
45097156617	2488	2	2
124554051589	2484	2	2
137438953480	2483	2	2
73014444039	2483	2	2
57982058504	2482	2	2
83751862278	2480	2	2
146028888072	2479	2	2
70866960391	2479	2	2
66571993096	2478	2	2
75161927688	2468	2	2
40802189320	2467	2	2
154618822664	2465	2	2
21474836486	2462	2	2
165356240901	2460	2	2
23622320136	2460	2	2
30064771082	2455	2	2
128849018887	2446	2	2
38654705673	2445	2	2
8589934594	2443	2	2
47244640265	2441	2	2
148176371720	2437	2	2
96636764165	2433	2	2
60129542152	2430	2	2
126701535239	2428	2	2
19327352837	2420	2	2
64424509448	2413	2	2
21474836488	2407	2	2
77309411336	2403	2	2
15032385540	2399	2	2
45097156618	2393	2	2
12884901891	2393	2	2
130996502533	2386	2	2
169651208197	2380	2	2
32212254730	2375	2	2
23622320137	2375	2	2
53687091208	2373	2	2
90194313222	2371	2	2
40802189322	2370	2	2
124554051590	2364	2	2
10737418242	2350	2	2
2147483651	2337	2	2
25769803786	2335	2	2
34359738378	2334	2	2
141733920777	2330	2	2
139586437129	2329	2	2
137438953481	2327	2	2
68719476744	2323	2	2
150323855368	2319	2	2
19327352838	2318	2	2
73014444040	2316	2	2
36507222025	2316	2	2
55834574856	2313	2	2
49392123913	2308	2	2
109521666049	2305	2	2
30064771083	2304	2	2
38654705675	2303	2	2
143881404425	2301	2	2
21474836489	2296	2	2
23622320138	2293	2	2
42949672968	2290	2	2
25769803787	2290	2	2
34359738379	2286	2	2
113816633345	2282	2	2
146028888073	2271	2	2
17179869189	2270	2	2
19327352840	2268	2	2
169651208198	2267	2	2
156766306312	2265	2	2
15032385541	2265	2	2
70866960392	2262	2	2
83751862279	2256	2	2
38654705674	2255	2	2
100931731458	2254	2	2
135291469833	2251	2	2
36507222026	2249	2	2
152471339017	2246	2	2
27917287435	2246	2	2
81604378631	2243	2	2
51539607561	2234	2	2
85899345927	2233	2	2
64424509449	2232	2	2
40802189321	2230	2	2
60129542153	2229	2	2
55834574857	2228	2	2
66571993097	2225	2	2
42949672970	2224	2	2
57982058505	2222	2	2
36507222028	2219	2	2
4294967299	2216	2	2
68719476745	2213	2	2
88046829575	2204	2	2
163208757254	2203	2	2
79456894984	2197	2	2
53687091209	2193	2	2
19327352839	2192	2	2
75161927689	2189	2	2
115964116993	2180	2	2
38654705676	2180	2	2
62277025801	2179	2	2
53687091210	2176	2	2
47244640266	2175	2	2
32212254731	2172	2	2
128849018888	2170	2	2
148176371721	2168	2	2
19327352841	2167	2	2
176093659139	2166	2	2
135291469834	2164	2	2
124554051591	2162	2	2
23622320139	2160	2	2
21474836490	2160	2	2
40802189323	2157	2	2
94489280518	2153	2	2
105226698754	2151	2	2
12884901892	2150	2	2
118111600641	2144	2	2
17179869190	2144	2	2
42949672971	2142	2	2
34359738381	2137	2	2
173946175490	2136	2	2
27917287436	2125	2	2
10737418243	2122	2	2
77309411337	2106	2	2
73014444041	2104	2	2
36507222027	2100	2	2
25769803788	2099	2	2
21474836491	2098	2	2
167503724550	2097	2	2
141733920778	2095	2	2
126701535240	2094	2	2
40802189324	2087	2	2
137438953482	2082	2	2
70866960393	2082	2	2
49392123914	2082	2	2
45097156619	2079	2	2
143881404426	2076	2	2
12884901893	2075	2	2
130996502534	2074	2	2
32212254732	2072	2	2
23622320140	2068	2	2
66571993098	2063	2	2
154618822665	2060	2	2
139586437130	2059	2	2
68719476746	2058	2	2
51539607562	2057	2	2
51539607563	2056	2	2
30064771084	2056	2	2
15032385542	2055	2	2
19327352842	2054	2	2
17179869191	2046	2	2
122406567942	2045	2	2
36507222029	2043	2	2
146028888074	2037	2	2
98784247811	2036	2	2
32212254734	2033	2	2
81604378632	2026	2	2
55834574858	2025	2	2
17179869193	2021	2	2
122406567940	2020	2	2
150323855369	2017	2	2
8589934595	2017	2	2
62277025802	2015	2	2
25769803789	2013	2	2
6442450947	2012	2	2
38654705677	2011	2	2
83751862280	2000	2	2
10737418244	2000	2	2
60129542154	1998	2	2
57982058506	1998	2	2
107374182402	1996	2	2
167503724551	1992	2	2
21474836492	1989	2	2
53687091211	1987	2	2
64424509450	1984	2	2
30064771085	1984	2	2
17179869192	1972	2	2
161061273607	1965	2	2
34359738380	1958	2	2
2147483652	1954	2	2
122406567943	1953	2	2
15032385543	1953	2	2
19327352843	1952	2	2
85899345928	1943	2	2
34359738382	1942	2	2
30064771087	1939	2	2
23622320141	1939	2	2
92341796871	1938	2	2
49392123915	1938	2	2
19327352844	1938	2	2
66571993099	1937	2	2
12884901894	1934	2	2
27917287437	1931	2	2
103079215107	1926	2	2
75161927690	1925	2	2
47244640267	1925	2	2
143881404427	1920	2	2
141733920779	1915	2	2
70866960394	1915	2	2
79456894985	1913	2	2
64424509451	1913	2	2
42949672972	1912	2	2
17179869194	1908	2	2
49392123916	1907	2	2
120259084295	1903	2	2
21474836493	1902	2	2
124554051592	1899	2	2
148176371722	1891	2	2
139586437131	1891	2	2
15032385544	1885	2	2
137438953483	1884	2	2
135291469835	1880	2	2
128849018889	1880	2	2
73014444042	1878	2	2
178241142786	1877	2	2
126701535241	1875	2	2
150323855370	1874	2	2
109521666050	1872	2	2
32212254733	1871	2	2
27917287438	1869	2	2
8589934596	1867	2	2
23622320142	1865	2	2
45097156620	1861	2	2
34359738383	1861	2	2
10737418245	1859	2	2
60129542155	1855	2	2
171798691843	1854	2	2
152471339018	1851	2	2
36507222030	1851	2	2
68719476747	1850	2	2
51539607564	1850	2	2
40802189325	1845	2	2
130996502535	1844	2	2
15032385546	1844	2	2
81604378633	1825	2	2
55834574859	1820	2	2
12884901895	1820	2	2
8589934597	1820	2	2
90194313224	1819	2	2
19327352845	1816	2	2
47244640268	1814	2	2
62277025803	1813	2	2
158913789960	1812	2	2
25769803790	1810	2	2
77309411338	1808	2	2
176093659138	1804	2	2
64424509452	1804	2	2
15032385545	1798	2	2
17179869195	1797	2	2
10737418246	1797	2	2
32212254735	1795	2	2
146028888075	1790	2	2
47244640269	1785	2	2
21474836494	1782	2	2
66571993100	1777	2	2
148176371723	1776	2	2
122406567944	1776	2	2
38654705678	1776	2	2
96636764164	1775	2	2
141733920780	1773	2	2
53687091212	1771	2	2
120259084293	1769	2	2
42949672973	1765	2	2
27917287440	1762	2	2
62277025804	1759	2	2
30064771086	1757	2	2
49392123917	1753	2	2
15032385547	1751	2	2
8589934598	1751	2	2
79456894986	1746	2	2
30064771088	1745	2	2
25769803791	1745	2	2
19327352846	1745	2	2
12884901896	1743	2	2
128849018890	1738	2	2
10737418247	1738	2	2
165356240904	1734	2	2
32212254736	1734	2	2
57982058507	1729	2	2
21474836495	1729	2	2
100931731460	1720	2	2
139586437132	1718	2	2
120259084296	1718	2	2
17179869196	1718	2	2
45097156622	1714	2	2
77309411339	1710	2	2
107374182403	1709	2	2
83751862281	1709	2	2
8589934599	1707	2	2
70866960395	1698	2	2
128849018882	1697	2	2
17179869197	1681	2	2
45097156621	1680	2	2
51539607565	1678	2	2
137438953484	1675	2	2
23622320143	1673	2	2
15032385548	1673	2	2
6442450948	1673	2	2
36507222031	1668	2	2
105226698755	1666	2	2
4294967300	1665	2	2
150323855371	1664	2	2
111669149698	1664	2	2
143881404428	1661	2	2
124554051593	1661	2	2
57982058508	1655	2	2
12884901897	1655	2	2
60129542156	1653	2	2
40802189326	1650	2	2
165356240903	1648	2	2
30064771089	1648	2	2
88046829577	1643	2	2
156766306313	1642	2	2
135291469836	1642	2	2
19327352847	1642	2	2
118111600642	1638	2	2
12884901899	1637	2	2
94489280517	1636	2	2
146028888076	1634	2	2
6442450949	1630	2	2
75161927691	1627	2	2
73014444043	1625	2	2
27917287439	1620	2	2
23622320144	1619	2	2
47244640270	1618	2	2
130996502536	1617	2	2
64424509453	1617	2	2
68719476748	1615	2	2
6442450950	1615	2	2
169651208196	1612	2	2
141733920781	1612	2	2
42949672974	1612	2	2
8589934600	1611	2	2
122406567945	1609	2	2
107374182406	1604	2	2
27917287441	1604	2	2
62277025805	1602	2	2
113816633346	1601	2	2
15032385549	1600	2	2
10737418248	1598	2	2
55834574860	1597	2	2
34359738384	1596	2	2
12884901898	1596	2	2
126701535242	1595	2	2
25769803793	1595	2	2
139586437133	1592	2	2
2147483653	1589	2	2
19327352848	1585	2	2
17179869198	1584	2	2
120259084297	1581	2	2
38654705679	1580	2	2
42949672975	1579	2	2
25769803792	1577	2	2
81604378634	1570	2	2
53687091213	1569	2	2
12884901900	1569	2	2
45097156623	1568	2	2
15032385550	1560	2	2
115964116994	1557	2	2
21474836496	1557	2	2
66571993101	1556	2	2
103079215108	1551	2	2
49392123918	1551	2	2
17179869199	1550	2	2
143881404429	1548	2	2
128849018891	1548	2	2
60129542157	1548	2	2
98784247813	1545	2	2
27917287442	1542	2	2
148176371724	1533	2	2
40802189327	1528	2	2
137438953485	1527	2	2
118111600643	1527	2	2
10737418249	1524	2	2
75161927692	1520	2	2
23622320146	1515	2	2
6442450951	1512	2	2
32212254737	1509	2	2
130996502537	1507	2	2
55834574861	1507	2	2
51539607566	1506	2	2
21474836497	1506	2	2
92341796870	1505	2	2
25769803794	1498	2	2
70866960396	1496	2	2
154618822666	1493	2	2
85899345930	1493	2	2
163208757257	1490	2	2
36507222032	1489	2	2
34359738385	1489	2	2
79456894987	1487	2	2
10737418250	1487	2	2
12884901901	1486	2	2
2147483654	1485	2	2
57982058509	1483	2	2
40802189328	1480	2	2
126701535243	1476	2	2
107374182409	1476	2	2
6442450952	1472	2	2
62277025806	1471	2	2
135291469837	1469	2	2
15032385551	1469	2	2
107374182408	1467	2	2
10737418252	1467	2	2
4294967301	1463	2	2
23622320145	1460	2	2
124554051594	1457	2	2
107374182410	1457	2	2
8589934601	1455	2	2
146028888077	1453	2	2
8589934602	1449	2	2
107374182407	1447	2	2
47244640271	1447	2	2
38654705681	1447	2	2
30064771090	1447	2	2
42949672976	1446	2	2
118111600644	1438	2	2
4294967302	1438	2	2
2147483655	1437	2	2
53687091214	1436	2	2
38654705680	1435	2	2
103079215109	1431	2	2
60129542158	1431	2	2
120259084298	1430	2	2
68719476749	1430	2	2
6442450953	1430	2	2
17179869200	1429	2	2
163208757256	1427	2	2
141733920782	1427	2	2
4294967303	1426	2	2
105226698756	1425	2	2
100931731461	1420	2	2
96636764166	1419	2	2
12884901902	1415	2	2
90194313223	1410	2	2
15032385552	1409	2	2
103079215112	1405	2	2
17179869201	1405	2	2
19327352849	1402	2	2
73014444044	1399	2	2
64424509454	1398	2	2
12884901903	1398	2	2
23622320147	1394	2	2
25769803795	1393	2	2
137438953486	1392	2	2
139586437134	1391	2	2
130996502538	1391	2	2
122406567946	1388	2	2
2147483656	1387	2	2
32212254738	1386	2	2
167503724549	1384	2	2
21474836499	1383	2	2
10737418251	1383	2	2
10737418253	1382	2	2
77309411340	1381	2	2
113816633347	1379	2	2
51539607567	1379	2	2
19327352850	1378	2	2
107374182404	1375	2	2
66571993102	1374	2	2
34359738386	1366	2	2
152471339019	1365	2	2
133143986177	1365	2	2
109521666051	1361	2	2
8589934605	1361	2	2
128849018892	1360	2	2
100931731465	1360	2	2
49392123919	1360	2	2
57982058510	1359	2	2
103079215116	1358	2	2
45097156624	1354	2	2
21474836498	1350	2	2
40802189329	1349	2	2
36507222033	1346	2	2
27917287443	1345	2	2
2147483657	1344	2	2
135291469838	1339	2	2
4294967304	1339	2	2
34359738387	1338	2	2
55834574862	1337	2	2
94489280519	1335	2	2
143881404430	1330	2	2
38654705682	1330	2	2
103079215115	1329	2	2
73014444045	1328	2	2
98784247814	1326	2	2
8589934603	1325	2	2
118111600645	1323	2	2
126701535244	1322	2	2
4294967305	1322	2	2
88046829576	1319	2	2
161061273610	1318	2	2
36507222034	1315	2	2
23622320148	1315	2	2
111669149699	1314	2	2
6442450954	1313	2	2
100931731462	1312	2	2
83751862283	1306	2	2
6442450955	1306	2	2
30064771091	1304	2	2
10737418254	1302	2	2
15032385553	1301	2	2
12884901904	1301	2	2
2147483658	1301	2	2
124554051595	1300	2	2
8589934606	1300	2	2
135291469839	1288	2	2
12884901905	1288	2	2
128849018893	1287	2	2
47244640272	1287	2	2
62277025807	1286	2	2
103079215114	1285	2	2
70866960397	1285	2	2
139586437135	1284	2	2
161061273609	1280	2	2
60129542159	1280	2	2
8589934604	1279	2	2
100931731468	1276	2	2
103079215113	1275	2	2
21474836500	1275	2	2
19327352852	1272	2	2
141733920783	1270	2	2
137438953487	1270	2	2
32212254739	1270	2	2
100931731469	1269	2	2
68719476750	1269	2	2
53687091215	1266	2	2
17179869202	1265	2	2
4294967306	1264	2	2
15032385554	1262	2	2
42949672977	1259	2	2
2147483659	1258	2	2
92341796872	1257	2	2
75161927693	1249	2	2
130996502539	1248	2	2
57982058511	1248	2	2
49392123920	1248	2	2
158913789963	1246	2	2
36507222035	1246	2	2
115964116995	1244	2	2
96636764167	1242	2	2
19327352851	1242	2	2
98784247818	1241	2	2
25769803796	1240	2	2
32212254740	1236	2	2
107374182411	1235	2	2
6442450958	1234	2	2
158913789962	1233	2	2
98784247815	1231	2	2
10737418256	1230	2	2
10737418255	1226	2	2
51539607568	1225	2	2
150323855372	1224	2	2
100931731467	1220	2	2
17179869203	1220	2	2
126701535235	1219	2	2
8589934607	1219	2	2
165356240902	1218	2	2
21474836501	1214	2	2
64424509455	1213	2	2
34359738388	1211	2	2
6442450956	1210	2	2
27917287444	1209	2	2
120259084299	1205	2	2
122406567947	1204	2	2
115964116996	1203	2	2
85899345929	1203	2	2
128849018894	1201	2	2
30064771092	1201	2	2
40802189330	1200	2	2
55834574863	1199	2	2
115964116997	1198	2	2
124554051596	1197	2	2
111669149700	1197	2	2
70866960398	1197	2	2
113816633348	1188	2	2
100931731466	1185	2	2
45097156625	1185	2	2
62277025808	1184	2	2
81604378636	1182	2	2
6442450959	1180	2	2
6442450957	1178	2	2
12884901906	1176	2	2
126701535245	1173	2	2
90194313225	1172	2	2
19327352853	1172	2	2
23622320149	1170	2	2
130996502540	1168	2	2
103079215117	1168	2	2
137438953488	1166	2	2
113816633349	1166	2	2
105226698757	1165	2	2
8589934608	1165	2	2
30064771093	1163	2	2
66571993103	1159	2	2
15032385555	1159	2	2
113816633350	1158	2	2
2147483660	1158	2	2
103079215110	1155	2	2
47244640273	1155	2	2
135291469840	1153	2	2
96636764171	1148	2	2
12884901907	1147	2	2
109521666052	1146	2	2
4294967307	1144	2	2
107374182405	1139	2	2
94489280520	1139	2	2
115964116998	1138	2	2
10737418257	1138	2	2
8589934609	1138	2	2
15032385556	1132	2	2
98784247821	1129	2	2
96636764168	1128	2	2
73014444046	1128	2	2
57982058512	1127	2	2
17179869205	1126	2	2
38654705683	1125	2	2
68719476751	1124	2	2
53687091216	1124	2	2
148176371725	1123	2	2
139586437136	1122	2	2
4294967308	1122	2	2
32212254741	1121	2	2
83751862282	1116	2	2
60129542160	1112	2	2
98784247822	1109	2	2
51539607569	1109	2	2
113816633351	1108	2	2
10737418258	1106	2	2
49392123921	1105	2	2
156766306316	1100	2	2
79456894989	1099	2	2
2147483661	1099	2	2
126701535246	1096	2	2
42949672978	1096	2	2
27917287445	1095	2	2
19327352854	1094	2	2
6442450960	1094	2	2
111669149701	1091	2	2
55834574864	1090	2	2
120259084300	1089	2	2
111669149702	1089	2	2
17179869204	1088	2	2
109521666053	1087	2	2
98784247820	1087	2	2
66571993104	1087	2	2
25769803797	1087	2	2
4294967311	1087	2	2
88046829578	1086	2	2
30064771094	1086	2	2
133143986178	1085	2	2
128849018895	1084	2	2
21474836502	1084	2	2
98784247819	1081	2	2
34359738389	1079	2	2
100931731470	1077	2	2
36507222036	1077	2	2
45097156626	1074	2	2
2147483662	1073	2	2
27917287446	1071	2	2
92341796873	1069	2	2
2147483664	1068	2	2
4294967312	1067	2	2
53687091217	1066	2	2
96636764174	1064	2	2
15032385558	1062	2	2
4294967309	1062	2	2
111669149703	1061	2	2
96636764175	1058	2	2
40802189331	1058	2	2
135291469841	1055	2	2
100931731463	1055	2	2
94489280521	1055	2	2
122406567948	1054	2	2
8589934610	1049	2	2
23622320150	1047	2	2
137438953489	1046	2	2
130996502541	1046	2	2
146028888078	1043	2	2
156766306315	1042	2	2
47244640274	1040	2	2
81604378635	1037	2	2
111669149704	1031	2	2
103079215111	1031	2	2
64424509456	1031	2	2
12884901908	1031	2	2
17179869206	1030	2	2
38654705684	1027	2	2
49392123922	1025	2	2
2147483665	1024	2	2
163208757255	1021	2	2
124554051597	1021	2	2
10737418259	1020	2	2
8589934611	1020	2	2
94489280524	1014	2	2
143881404431	1012	2	2
42949672979	1011	2	2
32212254742	1011	2	2
2147483663	1011	2	2
25769803798	1010	2	2
51539607570	1008	2	2
15032385557	1008	2	2
154618822669	1006	2	2
12884901909	1006	2	2
109521666056	1005	2	2
105226698758	1005	2	2
6442450961	1004	2	2
109521666054	1003	2	2
90194313226	1002	2	2
128849018896	1001	2	2
19327352855	999	2	2
4294967310	998	2	2
77309411342	996	2	2
109521666055	994	2	2
98784247816	993	2	2
25769803799	993	2	2
126701535247	992	2	2
6442450962	992	2	2
70866960399	989	2	2
96636764173	988	2	2
45097156627	988	2	2
133143986179	984	2	2
55834574865	984	2	2
27917287447	979	2	2
10737418260	976	2	2
96636764172	975	2	2
57982058513	973	2	2
122406567949	967	2	2
92341796874	967	2	2
109521666057	964	2	2
100931731464	961	2	2
105226698759	960	2	2
141733920784	959	2	2
21474836503	959	2	2
8589934612	958	2	2
36507222037	956	2	2
40802189332	955	2	2
47244640275	951	2	2
12884901911	951	2	2
64424509457	949	2	2
4294967313	949	2	2
154618822668	948	2	2
2147483666	948	2	2
94489280527	947	2	2
85899345931	947	2	2
107374182413	944	2	2
79456894988	943	2	2
53687091218	943	2	2
135291469842	941	2	2
60129542161	940	2	2
15032385559	940	2	2
113816633352	939	2	2
62277025809	939	2	2
6442450963	939	2	2
30064771095	938	2	2
17179869207	938	2	2
23622320151	935	2	2
161061273608	934	2	2
88046829579	934	2	2
133143986180	929	2	2
92341796877	929	2	2
25769803800	929	2	2
94489280528	927	2	2
34359738390	925	2	2
103079215119	923	2	2
124554051598	921	2	2
38654705685	918	2	2
51539607571	917	2	2
68719476752	914	2	2
130996502542	913	2	2
126701535248	913	2	2
98784247817	911	2	2
4294967315	911	2	2
118111600646	909	2	2
23622320152	909	2	2
42949672980	908	2	2
12884901910	907	2	2
96636764169	906	2	2
8589934613	906	2	2
49392123923	905	2	2
152471339022	903	2	2
75161927695	903	2	2
98784247823	902	2	2
96636764176	900	2	2
6442450964	898	2	2
90194313227	897	2	2
94489280526	896	2	2
21474836504	895	2	2
10737418261	894	2	2
105226698760	891	2	2
94489280525	890	2	2
118111600648	889	2	2
32212254743	888	2	2
19327352856	888	2	2
15032385560	888	2	2
45097156628	887	2	2
100931731472	886	2	2
120259084301	885	2	2
128849018897	884	2	2
105226698761	884	2	2
115964116999	883	2	2
4294967314	881	2	2
2147483668	880	2	2
12884901912	879	2	2
152471339021	878	2	2
21474836505	878	2	2
105226698762	877	2	2
62277025810	876	2	2
139586437137	872	2	2
111669149705	871	2	2
83751862284	867	2	2
77309411341	866	2	2
92341796880	864	2	2
2147483667	863	2	2
128849018898	862	2	2
105226698763	860	2	2
66571993105	860	2	2
55834574866	860	2	2
90194313230	859	2	2
36507222038	859	2	2
57982058514	858	2	2
17179869208	857	2	2
130996502543	856	2	2
23622320153	855	2	2
85899345932	853	2	2
49392123924	851	2	2
34359738391	851	2	2
124554051599	850	2	2
27917287448	850	2	2
109521666058	847	2	2
10737418263	847	2	2
92341796881	845	2	2
10737418262	845	2	2
47244640276	842	2	2
120259084302	840	2	2
45097156629	839	2	2
40802189333	839	2	2
6442450965	839	2	2
107374182414	836	2	2
94489280522	831	2	2
88046829580	831	2	2
122406567950	830	2	2
19327352857	830	2	2
81604378637	829	2	2
92341796879	826	2	2
38654705686	826	2	2
15032385561	822	2	2
32212254744	821	2	2
30064771096	819	2	2
53687091219	818	2	2
126701535249	817	2	2
92341796878	817	2	2
73014444048	815	2	2
96636764170	813	2	2
60129542162	813	2	2
158913789961	811	2	2
176093659137	809	2	2
21474836506	809	2	2
2147483669	808	2	2
133143986181	807	2	2
42949672981	807	2	2
12884901913	807	2	2
8589934614	806	2	2
19327352858	804	2	2
4294967317	803	2	2
4294967316	803	2	2
103079215120	800	2	2
51539607572	800	2	2
25769803801	793	2	2
130996502544	792	2	2
150323855375	791	2	2
124554051600	791	2	2
10737418265	790	2	2
6442450966	790	2	2
90194313233	788	2	2
47244640277	786	2	2
17179869209	785	2	2
137438953490	784	2	2
10737418264	781	2	2
118111600649	780	2	2
94489280529	780	2	2
88046829583	776	2	2
92341796875	775	2	2
2147483670	774	2	2
128849018899	773	2	2
130996502545	771	2	2
90194313232	771	2	2
90194313234	770	2	2
79456894990	769	2	2
8589934615	766	2	2
107374182415	764	2	2
75161927694	764	2	2
94489280523	763	2	2
64424509458	763	2	2
148176371728	762	2	2
83751862285	761	2	2
30064771097	761	2	2
36507222039	758	2	2
12884901914	757	2	2
90194313231	756	2	2
128849018900	755	2	2
40802189334	755	2	2
8589934616	755	2	2
23622320154	750	2	2
105226698764	747	2	2
45097156630	746	2	2
34359738392	746	2	2
27917287449	744	2	2
126701535250	742	2	2
85899345933	740	2	2
38654705687	740	2	2
122406567951	737	2	2
73014444047	737	2	2
120259084303	735	2	2
60129542163	734	2	2
150323855374	733	2	2
103079215121	732	2	2
100931731473	732	2	2
53687091220	731	2	2
126701535251	730	2	2
118111600650	730	2	2
19327352859	729	2	2
42949672982	727	2	2
6442450967	727	2	2
15032385562	726	2	2
8589934618	724	2	2
115964117001	723	2	2
77309411343	723	2	2
4294967318	723	2	2
57982058515	722	2	2
90194313228	721	2	2
8589934617	720	2	2
124554051601	719	2	2
88046829586	719	2	2
133143986182	716	2	2
96636764178	716	2	2
62277025811	716	2	2
49392123925	716	2	2
55834574867	715	2	2
92341796882	714	2	2
32212254745	713	2	2
98784247825	712	2	2
17179869210	712	2	2
70866960401	705	2	2
25769803802	704	2	2
130996502546	702	2	2
21474836507	702	2	2
128849018901	698	2	2
135291469843	697	2	2
40802189335	697	2	2
92341796876	696	2	2
81604378638	696	2	2
2147483671	696	2	2
113816633354	695	2	2
10737418266	695	2	2
124554051588	693	2	2
148176371727	692	2	2
88046829584	691	2	2
88046829587	690	2	2
15032385563	687	2	2
107374182416	686	2	2
51539607573	683	2	2
17179869211	681	2	2
4294967319	681	2	2
85899345936	680	2	2
38654705688	680	2	2
36507222040	678	2	2
10737418267	675	2	2
100931731474	674	2	2
2147483672	674	2	2
146028888081	672	2	2
156766306314	670	2	2
88046829585	669	2	2
68719476754	669	2	2
124554051602	668	2	2
6442450968	666	2	2
146028888080	665	2	2
130996502547	665	2	2
120259084304	665	2	2
118111600651	665	2	2
57982058516	663	2	2
27917287450	663	2	2
23622320155	663	2	2
6442450969	662	2	2
12884901915	661	2	2
90194313235	660	2	2
122406567952	656	2	2
25769803803	656	2	2
111669149707	655	2	2
103079215122	654	2	2
42949672983	654	2	2
126701535252	650	2	2
17179869212	650	2	2
109521666060	649	2	2
47244640278	649	2	2
30064771098	645	2	2
36507222041	644	2	2
83751862286	643	2	2
70866960400	643	2	2
143881404434	642	2	2
15032385564	641	2	2
90194313229	638	2	2
141733920787	637	2	2
88046829581	636	2	2
6442450970	636	2	2
19327352860	635	2	2
115964117002	634	2	2
79456894991	634	2	2
34359738393	632	2	2
75161927696	630	2	2
6442450971	630	2	2
154618822667	629	2	2
85899345939	627	2	2
143881404433	626	2	2
68719476753	626	2	2
66571993107	626	2	2
85899345940	625	2	2
113816633355	623	2	2
124554051603	622	2	2
8589934619	621	2	2
40802189336	620	2	2
98784247826	619	2	2
94489280531	619	2	2
49392123926	619	2	2
85899345937	618	2	2
21474836508	618	2	2
133143986183	615	2	2
100931731475	614	2	2
85899345938	614	2	2
45097156631	614	2	2
4294967323	614	2	2
96636764179	611	2	2
120259084305	610	2	2
32212254746	610	2	2
15032385565	609	2	2
83751862289	608	2	2
60129542164	608	2	2
12884901916	608	2	2
126701535253	606	2	2
4294967320	606	2	2
122406567953	605	2	2
55834574868	603	2	2
55834574869	601	2	2
34359738394	601	2	2
81604378639	600	2	2
53687091221	599	2	2
8589934620	596	2	2
103079215123	595	2	2
38654705689	595	2	2
4294967322	592	2	2
88046829582	590	2	2
27917287451	590	2	2
4294967321	590	2	2
126701535254	589	2	2
32212254747	588	2	2
130996502548	585	2	2
111669149708	585	2	2
83751862292	584	2	2
2147483673	583	2	2
107374182417	582	2	2
12884901917	582	2	2
115964117003	579	2	2
88046829588	579	2	2
4294967324	578	2	2
105226698766	577	2	2
53687091222	577	2	2
25769803804	576	2	2
77309411344	574	2	2
64424509460	573	2	2
23622320156	573	2	2
113816633356	572	2	2
98784247827	572	2	2
2147483676	572	2	2
51539607575	571	2	2
51539607574	571	2	2
36507222042	571	2	2
42949672984	570	2	2
19327352861	570	2	2
152471339020	567	2	2
118111600652	566	2	2
83751862291	566	2	2
17179869213	566	2	2
6442450972	566	2	2
47244640279	564	2	2
124554051604	563	2	2
139586437140	562	2	2
73014444049	562	2	2
21474836509	562	2	2
141733920786	561	2	2
83751862290	560	2	2
30064771099	560	2	2
66571993106	559	2	2
2147483675	559	2	2
83751862293	558	2	2
2147483674	556	2	2
96636764180	555	2	2
45097156632	555	2	2
130996502549	554	2	2
30064771100	551	2	2
133143986184	550	2	2
128849018902	550	2	2
120259084306	550	2	2
109521666061	548	2	2
6442450973	547	2	2
85899345934	546	2	2
92341796884	544	2	2
79456894992	544	2	2
122406567954	543	2	2
111669149709	543	2	2
81604378642	543	2	2
15032385566	543	2	2
122406567941	541	2	2
64424509459	541	2	2
2147483677	541	2	2
85899345941	540	2	2
12884901918	539	2	2
57982058517	538	2	2
40802189337	537	2	2
10737418268	535	2	2
139586437139	534	2	2
34359738395	532	2	2
137438953493	530	2	2
100931731476	530	2	2
115964117004	528	2	2
81604378645	528	2	2
49392123927	528	2	2
94489280532	526	2	2
85899345935	520	2	2
122406567955	519	2	2
137438953492	518	2	2
77309411345	517	2	2
109521666062	516	2	2
98784247828	515	2	2
75161927697	514	2	2
90194313237	513	2	2
70866960402	513	2	2
27917287452	512	2	2
133143986185	511	2	2
124554051605	511	2	2
27917287453	510	2	2
81604378643	509	2	2
107374182418	508	2	2
83751862287	508	2	2
68719476755	507	2	2
113816633357	506	2	2
135291469845	505	2	2
38654705690	505	2	2
120259084307	504	2	2
96636764181	503	2	2
81604378644	503	2	2
32212254748	503	2	2
25769803805	503	2	2
10737418269	501	2	2
23622320157	500	2	2
17179869214	500	2	2
4294967325	499	2	2
103079215124	498	2	2
81604378646	498	2	2
94489280533	497	2	2
83751862294	496	2	2
42949672985	496	2	2
49392123928	495	2	2
124554051606	494	2	2
79456894995	493	2	2
105226698767	492	2	2
19327352862	492	2	2
120259084294	491	2	2
62277025813	490	2	2
79456894998	489	2	2
122406567956	488	2	2
107374182419	485	2	2
12884901919	483	2	2
8589934621	482	2	2
118111600653	481	2	2
10737418270	481	2	2
111669149710	479	2	2
148176371726	477	2	2
30064771101	477	2	2
47244640280	476	2	2
55834574870	475	2	2
92341796885	474	2	2
79456894999	474	2	2
126701535255	473	2	2
73014444050	473	2	2
21474836510	472	2	2
100931731477	471	2	2
124554051607	470	2	2
83751862288	470	2	2
150323855373	469	2	2
135291469846	469	2	2
36507222043	469	2	2
2147483678	469	2	2
79456894996	468	2	2
92341796886	466	2	2
88046829590	465	2	2
25769803806	465	2	2
34359738396	464	2	2
79456894997	463	2	2
62277025812	463	2	2
40802189338	463	2	2
4294967326	463	2	2
66571993108	462	2	2
45097156634	461	2	2
45097156633	461	2	2
90194313238	458	2	2
81604378640	458	2	2
53687091223	458	2	2
113816633358	457	2	2
98784247829	457	2	2
60129542166	457	2	2
109521666063	456	2	2
15032385567	456	2	2
10737418271	456	2	2
103079215125	454	2	2
75161927698	454	2	2
47244640281	454	2	2
8589934622	451	2	2
12884901920	450	2	2
51539607576	448	2	2
81604378647	447	2	2
77309411348	445	2	2
146028888079	444	2	2
107374182412	444	2	2
23622320158	444	2	2
120259084308	442	2	2
115964117005	442	2	2
64424509461	442	2	2
17179869215	442	2	2
38654705691	441	2	2
105226698768	439	2	2
122406567957	438	2	2
2147483679	438	2	2
133143986186	436	2	2
103079215118	436	2	2
32212254749	436	2	2
79456894993	435	2	2
60129542165	434	2	2
120259084309	433	2	2
100931731478	433	2	2
94489280534	433	2	2
8589934623	433	2	2
107374182420	431	2	2
103079215126	430	2	2
21474836511	429	2	2
6442450974	429	2	2
77309411352	427	2	2
19327352863	426	2	2
81604378641	425	2	2
27917287454	425	2	2
90194313239	424	2	2
23622320159	422	2	2
36507222044	420	2	2
96636764182	419	2	2
75161927701	418	2	2
68719476756	418	2	2
77309411351	416	2	2
118111600654	415	2	2
42949672986	415	2	2
70866960403	414	2	2
133143986187	413	2	2
77309411349	413	2	2
30064771102	413	2	2
111669149711	412	2	2
100931731471	412	2	2
107374182421	411	2	2
85899345943	410	2	2
115964117006	409	2	2
88046829591	409	2	2
34359738397	409	2	2
15032385568	409	2	2
75161927704	408	2	2
6442450975	408	2	2
10737418272	406	2	2
73014444051	405	2	2
42949672987	403	2	2
122406567959	402	2	2
79456895000	402	2	2
62277025814	402	2	2
103079215127	401	2	2
120259084310	400	2	2
77309411350	400	2	2
8589934624	400	2	2
122406567958	399	2	2
77309411353	399	2	2
109521666064	398	2	2
92341796887	397	2	2
49392123929	396	2	2
21474836512	396	2	2
143881404432	395	2	2
90194313240	395	2	2
6442450976	395	2	2
100931731480	393	2	2
25769803807	393	2	2
128849018905	392	2	2
100931731479	392	2	2
79456894994	392	2	2
12884901921	392	2	2
88046829592	391	2	2
98784247830	389	2	2
122406567960	387	2	2
113816633359	387	2	2
94489280535	387	2	2
75161927705	386	2	2
57982058519	384	2	2
75161927702	382	2	2
4294967327	382	2	2
120259084311	380	2	2
105226698769	379	2	2
77309411346	379	2	2
40802189339	378	2	2
19327352864	377	2	2
17179869216	377	2	2
124554051608	376	2	2
118111600655	376	2	2
70866960404	376	2	2
40802189340	376	2	2
133143986188	375	2	2
19327352865	375	2	2
10737418273	374	2	2
32212254750	373	2	2
98784247831	372	2	2
66571993109	372	2	2
6442450977	372	2	2
4294967329	371	2	2
96636764183	370	2	2
75161927706	369	2	2
30064771103	368	2	2
57982058518	367	2	2
23622320160	366	2	2
111669149712	364	2	2
107374182422	364	2	2
103079215128	364	2	2
38654705692	364	2	2
83751862296	363	2	2
128849018904	362	2	2
68719476757	362	2	2
85899345944	360	2	2
75161927703	358	2	2
75161927699	358	2	2
64424509462	357	2	2
45097156635	356	2	2
15032385569	356	2	2
88046829593	355	2	2
130996502552	354	2	2
107374182423	354	2	2
73014444054	354	2	2
4294967328	354	2	2
38654705693	353	2	2
141733920785	351	2	2
96636764185	351	2	2
85899345945	351	2	2
8589934625	351	2	2
100931731481	350	2	2
92341796888	349	2	2
77309411347	349	2	2
2147483681	349	2	2
120259084312	348	2	2
27917287455	348	2	2
113816633360	347	2	2
109521666065	347	2	2
47244640282	347	2	2
36507222045	345	2	2
55834574872	344	2	2
118111600656	342	2	2
94489280536	342	2	2
4294967330	342	2	2
103079215129	341	2	2
111669149713	340	2	2
36507222046	340	2	2
21474836513	340	2	2
100931731482	339	2	2
98784247832	339	2	2
96636764184	339	2	2
60129542167	339	2	2
25769803808	338	2	2
2147483680	338	2	2
83751862297	337	2	2
73014444058	337	2	2
81604378649	336	2	2
6442450978	336	2	2
139586437138	335	2	2
105226698770	335	2	2
90194313241	334	2	2
17179869217	334	2	2
115964117007	333	2	2
98784247824	333	2	2
55834574871	332	2	2
133143986190	331	2	2
51539607577	331	2	2
83751862298	330	2	2
10737418274	330	2	2
96636764177	329	2	2
73014444057	329	2	2
51539607578	329	2	2
120259084313	328	2	2
66571993110	328	2	2
2147483682	328	2	2
107374182424	326	2	2
98784247833	326	2	2
75161927700	326	2	2
64424509463	325	2	2
126701535258	324	2	2
42949672988	324	2	2
133143986189	323	2	2
2147483683	323	2	2
53687091224	322	2	2
8589934626	322	2	2
137438953491	321	2	2
53687091225	321	2	2
19327352866	321	2	2
17179869218	321	2	2
109521666066	320	2	2
92341796889	320	2	2
70866960407	320	2	2
115964117000	319	2	2
34359738399	319	2	2
79456895002	318	2	2
94489280538	317	2	2
68719476760	317	2	2
34359738398	316	2	2
27917287456	316	2	2
103079215130	314	2	2
90194313242	314	2	2
73014444055	314	2	2
23622320161	314	2	2
12884901922	314	2	2
70866960411	313	2	2
6442450979	312	2	2
113816633361	311	2	2
113816633353	311	2	2
73014444059	311	2	2
73014444056	311	2	2
62277025815	311	2	2
126701535257	310	2	2
88046829594	310	2	2
66571993113	310	2	2
103079215131	309	2	2
94489280537	308	2	2
100931731483	307	2	2
81604378651	307	2	2
107374182425	306	2	2
70866960408	306	2	2
118111600647	304	2	2
32212254751	303	2	2
15032385570	303	2	2
111669149714	302	2	2
96636764186	302	2	2
57982058520	301	2	2
70866960410	300	2	2
115964117008	299	2	2
17179869219	299	2	2
15032385571	299	2	2
96636764187	298	2	2
83751862299	298	2	2
4294967331	297	2	2
111669149706	296	2	2
85899345946	296	2	2
77309411355	296	2	2
70866960409	296	2	2
32212254752	296	2	2
98784247834	295	2	2
73014444052	295	2	2
118111600657	294	2	2
98784247835	293	2	2
60129542168	293	2	2
25769803809	293	2	2
122406567961	292	2	2
8589934627	292	2	2
105226698771	291	2	2
94489280530	290	2	2
113816633362	288	2	2
109521666067	288	2	2
88046829595	288	2	2
73014444053	288	2	2
109521666059	287	2	2
100931731484	287	2	2
70866960412	287	2	2
68719476764	286	2	2
62277025816	286	2	2
30064771105	286	2	2
92341796891	285	2	2
21474836514	285	2	2
90194313244	284	2	2
68719476758	284	2	2
68719476761	283	2	2
105226698772	282	2	2
96636764188	282	2	2
94489280539	282	2	2
10737418275	282	2	2
130996502551	281	2	2
103079215132	281	2	2
40802189341	280	2	2
79456895004	278	2	2
30064771104	278	2	2
124554051611	276	2	2
107374182426	276	2	2
100931731485	275	2	2
98784247836	275	2	2
49392123931	275	2	2
94489280540	273	2	2
81604378652	273	2	2
15032385572	273	2	2
75161927708	272	2	2
92341796892	271	2	2
66571993111	271	2	2
49392123930	271	2	2
12884901923	271	2	2
115964117009	270	2	2
68719476759	270	2	2
118111600658	269	2	2
111669149715	269	2	2
64424509466	269	2	2
51539607579	269	2	2
38654705694	269	2	2
6442450980	269	2	2
2147483684	269	2	2
90194313243	268	2	2
70866960406	268	2	2
68719476763	268	2	2
8589934628	268	2	2
103079215133	267	2	2
70866960405	267	2	2
66571993117	267	2	2
64424509464	267	2	2
109521666068	266	2	2
68719476765	266	2	2
133143986191	265	2	2
92341796890	265	2	2
90194313245	265	2	2
85899345947	265	2	2
19327352867	265	2	2
12884901924	265	2	2
4294967332	265	2	2
66571993116	264	2	2
10737418276	264	2	2
68719476762	263	2	2
66571993112	263	2	2
55834574873	263	2	2
135291469844	262	2	2
94489280541	262	2	2
53687091226	262	2	2
66571993114	261	2	2
47244640284	261	2	2
47244640283	261	2	2
23622320162	261	2	2
36507222047	259	2	2
85899345948	257	2	2
45097156636	257	2	2
2147483685	257	2	2
124554051610	256	2	2
96636764189	256	2	2
103079215134	255	2	2
92341796893	254	2	2
77309411356	254	2	2
111669149716	253	2	2
107374182427	253	2	2
98784247837	253	2	2
83751862300	253	2	2
66571993115	253	2	2
103079215136	252	2	2
45097156637	252	2	2
34359738400	252	2	2
27917287457	252	2	2
120259084314	251	2	2
103079215135	251	2	2
92341796883	251	2	2
57982058521	251	2	2
21474836515	251	2	2
105226698773	250	2	2
10737418277	250	2	2
66571993118	249	2	2
133143986192	247	2	2
64424509470	247	2	2
118111600659	246	2	2
8589934629	246	2	2
113816633363	245	2	2
105226698765	244	2	2
90194313246	244	2	2
64424509465	244	2	2
109521666069	243	2	2
60129542169	243	2	2
25769803810	243	2	2
133143986193	242	2	2
100931731487	242	2	2
53687091227	242	2	2
105226698774	241	2	2
27917287458	241	2	2
122406567963	240	2	2
107374182429	240	2	2
62277025817	240	2	2
107374182428	239	2	2
17179869220	239	2	2
94489280542	238	2	2
62277025819	238	2	2
25769803811	238	2	2
122406567964	237	2	2
92341796894	237	2	2
90194313236	237	2	2
96636764190	236	2	2
88046829597	236	2	2
85899345949	236	2	2
32212254753	236	2	2
64424509469	235	2	2
115964117010	234	2	2
51539607580	234	2	2
42949672989	234	2	2
19327352868	234	2	2
12884901925	234	2	2
103079215137	233	2	2
100931731486	233	2	2
6442450981	233	2	2
105226698775	232	2	2
83751862301	232	2	2
81604378653	232	2	2
49392123932	231	2	2
107374182430	230	2	2
8589934630	230	2	2
100931731488	229	2	2
109521666070	228	2	2
85899345950	228	2	2
23622320163	228	2	2
10737418278	228	2	2
64424509467	227	2	2
55834574874	227	2	2
15032385573	227	2	2
113816633364	226	2	2
100931731489	226	2	2
98784247838	226	2	2
88046829596	226	2	2
42949672990	226	2	2
4294967333	226	2	2
111669149717	224	2	2
103079215138	223	2	2
83751862302	223	2	2
75161927709	223	2	2
8589934631	223	2	2
6442450982	223	2	2
118111600660	222	2	2
88046829598	221	2	2
90194313247	219	2	2
92341796895	218	2	2
81604378654	218	2	2
23622320164	218	2	2
17179869221	218	2	2
96636764192	217	2	2
64424509468	217	2	2
30064771106	217	2	2
115964117011	215	2	2
70866960414	215	2	2
45097156638	215	2	2
73014444062	214	2	2
2147483686	214	2	2
100931731490	213	2	2
88046829599	213	2	2
62277025822	213	2	2
57982058522	213	2	2
40802189342	213	2	2
107374182432	212	2	2
96636764191	212	2	2
77309411358	212	2	2
47244640285	212	2	2
98784247841	211	2	2
98784247839	210	2	2
94489280544	210	2	2
94489280543	210	2	2
88046829589	210	2	2
85899345951	210	2	2
83751862303	210	2	2
40802189343	210	2	2
111669149718	209	2	2
81604378656	209	2	2
79456895006	209	2	2
62277025818	209	2	2
6442450983	209	2	2
62277025823	208	2	2
109521666071	207	2	2
85899345942	207	2	2
60129542172	207	2	2
36507222048	207	2	2
4294967334	207	2	2
113816633365	206	2	2
105226698777	206	2	2
105226698776	206	2	2
98784247840	205	2	2
38654705695	205	2	2
120259084316	204	2	2
107374182431	204	2	2
77309411359	204	2	2
96636764193	203	2	2
62277025821	202	2	2
21474836516	202	2	2
4294967335	202	2	2
73014444063	201	2	2
113816633366	199	2	2
111669149719	199	2	2
98784247842	199	2	2
92341796897	199	2	2
92341796896	199	2	2
79456895007	199	2	2
60129542176	199	2	2
113816633367	198	2	2
90194313248	198	2	2
49392123933	198	2	2
118111600662	197	2	2
120259084317	196	2	2
96636764194	196	2	2
85899345953	196	2	2
85899345952	196	2	2
81604378657	196	2	2
68719476767	196	2	2
60129542171	196	2	2
53687091228	196	2	2
21474836517	196	2	2
51539607581	195	2	2
36507222049	195	2	2
94489280545	194	2	2
118111600661	193	2	2
88046829600	193	2	2
55834574875	193	2	2
38654705696	193	2	2
109521666075	192	2	2
109521666073	192	2	2
70866960415	192	2	2
32212254754	192	2	2
4294967336	192	2	2
113816633368	191	2	2
96636764195	191	2	2
42949672991	191	2	2
12884901926	191	2	2
2147483687	191	2	2
111669149721	190	2	2
6442450984	189	2	2
115964117012	188	2	2
88046829601	188	2	2
83751862304	188	2	2
94489280546	187	2	2
75161927712	187	2	2
62277025824	187	2	2
38654705697	187	2	2
111669149720	186	2	2
98784247844	186	2	2
98784247843	186	2	2
40802189344	186	2	2
19327352870	186	2	2
19327352869	186	2	2
94489280547	185	2	2
79456895008	184	2	2
15032385574	184	2	2
109521666074	183	2	2
92341796898	183	2	2
90194313250	183	2	2
60129542173	183	2	2
34359738402	183	2	2
25769803812	183	2	2
2147483688	183	2	2
115964117015	182	2	2
105226698778	182	2	2
79456895009	182	2	2
90194313249	181	2	2
83751862305	181	2	2
118111600663	180	2	2
34359738401	180	2	2
113816633369	179	2	2
100931731491	179	2	2
115964117013	178	2	2
103079215141	178	2	2
118111600664	177	2	2
92341796899	177	2	2
94489280549	176	2	2
94489280548	176	2	2
27917287459	176	2	2
45097156639	175	2	2
10737418279	175	2	2
109521666076	174	2	2
105226698779	174	2	2
79456895010	174	2	2
111669149723	173	2	2
92341796901	173	2	2
90194313251	173	2	2
12884901927	173	2	2
115964117016	172	2	2
92341796900	172	2	2
83751862295	172	2	2
47244640286	172	2	2
111669149722	171	2	2
4294967337	171	2	2
96636764196	170	2	2
49392123934	170	2	2
2147483689	170	2	2
113816633371	168	2	2
81604378648	168	2	2
32212254755	168	2	2
15032385576	168	2	2
96636764197	167	2	2
94489280550	167	2	2
83751862306	167	2	2
73014444065	167	2	2
57982058526	167	2	2
115964117014	166	2	2
105226698780	166	2	2
85899345954	166	2	2
68719476768	166	2	2
107374182435	165	2	2
92341796903	165	2	2
126701535256	164	2	2
30064771107	164	2	2
17179869222	164	2	2
2147483690	164	2	2
118111600665	163	2	2
85899345956	163	2	2
81604378658	163	2	2
36507222050	163	2	2
17179869223	163	2	2
109521666077	162	2	2
81604378659	162	2	2
62277025827	162	2	2
57982058523	162	2	2
51539607584	162	2	2
32212254756	162	2	2
8589934632	162	2	2
115964117018	160	2	2
92341796902	160	2	2
90194313253	160	2	2
79456895011	160	2	2
8589934633	160	2	2
111669149724	159	2	2
100931731494	159	2	2
57982058527	159	2	2
51539607582	159	2	2
15032385575	159	2	2
115964117017	158	2	2
90194313252	158	2	2
88046829602	158	2	2
23622320165	158	2	2
98784247847	156	2	2
88046829606	156	2	2
55834574878	156	2	2
42949672992	156	2	2
70866960418	155	2	2
105226698781	153	2	2
83751862307	153	2	2
79456895001	153	2	2
34359738403	153	2	2
88046829603	152	2	2
85899345955	152	2	2
73014444067	152	2	2
60129542179	152	2	2
57982058524	152	2	2
10737418280	152	2	2
90194313255	151	2	2
88046829609	151	2	2
83751862309	151	2	2
81604378662	151	2	2
55834574876	151	2	2
53687091231	151	2	2
53687091230	151	2	2
30064771108	151	2	2
21474836518	151	2	2
73014444066	150	2	2
53687091233	150	2	2
51539607583	150	2	2
53687091232	149	2	2
88046829605	148	2	2
75161927716	148	2	2
51539607585	148	2	2
96636764200	147	2	2
70866960419	147	2	2
47244640287	147	2	2
12884901929	147	2	2
88046829608	146	2	2
88046829604	145	2	2
55834574877	145	2	2
6442450986	145	2	2
90194313254	144	2	2
83751862308	144	2	2
77309411364	144	2	2
38654705698	144	2	2
105226698783	143	2	2
85899345957	143	2	2
79456895012	143	2	2
55834574879	143	2	2
90194313256	142	2	2
75161927717	142	2	2
70866960420	142	2	2
12884901928	142	2	2
6442450985	142	2	2
77309411354	141	2	2
68719476771	141	2	2
66571993125	141	2	2
49392123937	141	2	2
88046829607	140	2	2
81604378660	140	2	2
62277025828	140	2	2
122406567962	139	2	2
94489280553	139	2	2
79456895013	139	2	2
62277025829	139	2	2
55834574880	139	2	2
30064771109	139	2	2
70866960421	138	2	2
27917287461	138	2	2
25769803814	138	2	2
19327352871	138	2	2
10737418281	138	2	2
4294967338	138	2	2
38654705699	137	2	2
103079215140	136	2	2
68719476772	136	2	2
51539607586	135	2	2
77309411365	134	2	2
75161927707	134	2	2
57982058533	134	2	2
133143986199	133	2	2
109521666078	133	2	2
81604378661	133	2	2
49392123940	133	2	2
8589934634	133	2	2
2147483691	133	2	2
85899345960	132	2	2
85899345959	132	2	2
111669149725	131	2	2
85899345962	131	2	2
79456895015	131	2	2
49392123938	131	2	2
90194313259	130	2	2
85899345958	130	2	2
32212254757	130	2	2
10737418282	130	2	2
115964117019	128	2	2
92341796906	128	2	2
83751862310	128	2	2
73014444060	128	2	2
23622320167	128	2	2
109521666079	127	2	2
107374182434	127	2	2
73014444070	127	2	2
70866960422	127	2	2
53687091239	127	2	2
49392123941	127	2	2
49392123939	127	2	2
40802189346	127	2	2
120259084315	126	2	2
83751862315	126	2	2
83751862312	126	2	2
62277025830	126	2	2
21474836520	126	2	2
75161927718	125	2	2
62277025831	125	2	2
83751862311	124	2	2
81604378663	124	2	2
77309411368	124	2	2
8589934635	124	2	2
88046829612	123	2	2
57982058534	123	2	2
81604378665	122	2	2
23622320166	122	2	2
81604378668	121	2	2
77309411366	121	2	2
70866960413	121	2	2
55834574886	121	2	2
100931731493	120	2	2
68719476773	120	2	2
66571993127	120	2	2
25769803815	120	2	2
85899345961	119	2	2
75161927719	119	2	2
4294967339	119	2	2
105226698785	118	2	2
83751862314	118	2	2
32212254758	118	2	2
118111600667	117	2	2
79456895019	117	2	2
68719476775	117	2	2
111669149726	116	2	2
81604378664	116	2	2
70866960423	116	2	2
66571993128	116	2	2
47244640289	116	2	2
21474836519	116	2	2
81604378666	115	2	2
79456895021	115	2	2
77309411370	115	2	2
66571993130	115	2	2
47244640288	115	2	2
94489280552	114	2	2
70866960424	114	2	2
79456895018	113	2	2
73014444082	113	2	2
17179869224	113	2	2
15032385577	113	2	2
130996502550	112	2	2
113816633373	112	2	2
75161927721	112	2	2
57982058535	112	2	2
19327352872	112	2	2
83751862313	111	2	2
81604378667	111	2	2
79456895016	111	2	2
40802189347	111	2	2
77309411367	110	2	2
55834574887	110	2	2
12884901930	110	2	2
105226698784	109	2	2
96636764199	109	2	2
77309411371	108	2	2
92341796905	107	2	2
85899345965	107	2	2
81604378671	107	2	2
55834574888	107	2	2
83751862318	106	2	2
77309411377	106	2	2
75161927724	106	2	2
75161927723	106	2	2
40802189349	106	2	2
118111600669	105	2	2
79456895020	105	2	2
77309411376	105	2	2
77309411372	105	2	2
75161927729	105	2	2
34359738405	105	2	2
68719476766	104	2	2
17179869225	104	2	2
15032385578	104	2	2
115964117020	103	2	2
75161927730	103	2	2
62277025833	103	2	2
53687091240	103	2	2
42949672995	103	2	2
8589934637	103	2	2
98784247846	102	2	2
90194313258	102	2	2
81604378670	102	2	2
73014444074	102	2	2
57982058536	102	2	2
47244640298	102	2	2
23622320170	102	2	2
79456895024	101	2	2
75161927725	101	2	2
49392123944	101	2	2
83751862317	100	2	2
79456895023	100	2	2
70866960427	100	2	2
70866960425	100	2	2
62277025832	99	2	2
27917287467	99	2	2
109521666082	98	2	2
68719476776	98	2	2
66571993131	98	2	2
64424509482	98	2	2
40802189352	98	2	2
19327352878	98	2	2
77309411373	97	2	2
73014444083	97	2	2
66571993119	97	2	2
75161927722	96	2	2
30064771116	96	2	2
27917287466	96	2	2
21474836525	96	2	2
62277025847	95	2	2
34359738407	95	2	2
32212254760	95	2	2
75161927726	94	2	2
47244640297	94	2	2
32212254763	94	2	2
27917287469	94	2	2
25769803822	94	2	2
25769803820	94	2	2
111669149729	93	2	2
88046829611	93	2	2
70866960429	93	2	2
70866960426	93	2	2
66571993141	93	2	2
62277025834	93	2	2
53687091241	93	2	2
27917287468	93	2	2
12884901937	93	2	2
70866960428	92	2	2
66571993135	92	2	2
30064771113	92	2	2
77309411369	91	2	2
30064771114	91	2	2
27917287471	91	2	2
27917287470	91	2	2
23622320175	91	2	2
21474836528	91	2	2
19327352879	91	2	2
68719476778	90	2	2
49392123945	90	2	2
23622320173	90	2	2
21474836523	90	2	2
4294967345	90	2	2
118111600670	89	2	2
73014444079	89	2	2
73014444077	89	2	2
55834574889	89	2	2
70866960433	88	2	2
64424509472	88	2	2
32212254762	88	2	2
23622320172	88	2	2
21474836526	88	2	2
105226698788	87	2	2
85899345964	87	2	2
70866960436	87	2	2
70866960432	87	2	2
64424509494	87	2	2
21474836527	87	2	2
21474836524	87	2	2
4294967343	87	2	2
113816633376	86	2	2
68719476788	86	2	2
27917287465	86	2	2
17179869231	86	2	2
15032385586	86	2	2
10737418288	86	2	2
10737418286	86	2	2
70866960431	85	2	2
70866960430	85	2	2
42949673003	85	2	2
32212254764	85	2	2
30064771115	85	2	2
15032385584	85	2	2
12884901936	85	2	2
8589934643	85	2	2
6442450996	85	2	2
109521666081	84	2	2
73014444075	84	2	2
66571993136	84	2	2
57982058541	84	2	2
19327352880	84	2	2
15032385585	84	2	2
12884901935	84	2	2
4294967348	84	2	2
68719476789	83	2	2
62277025835	83	2	2
25769803823	83	2	2
21474836529	83	2	2
17179869234	83	2	2
12884901938	83	2	2
4294967347	83	2	2
111669149728	82	2	2
68719476782	82	2	2
62277025848	82	2	2
53687091243	82	2	2
49392123947	82	2	2
23622320174	82	2	2
21474836530	82	2	2
19327352883	82	2	2
19327352881	82	2	2
17179869232	82	2	2
4294967349	82	2	2
25769803824	81	2	2
23622320176	81	2	2
12884901934	81	2	2
10737418291	81	2	2
10737418289	81	2	2
8589934642	81	2	2
6442450995	81	2	2
6442450989	81	2	2
64424509484	80	2	2
45097156650	80	2	2
17179869233	80	2	2
15032385583	80	2	2
10737418290	80	2	2
113816633375	79	2	2
105226698787	79	2	2
70866960434	79	2	2
66571993140	79	2	2
62277025844	79	2	2
17179869230	79	2	2
8589934641	79	2	2
62277025825	78	2	2
47244640300	78	2	2
12884901939	78	2	2
2147483700	78	2	2
73014444078	77	2	2
66571993142	77	2	2
2147483702	77	2	2
79456895022	76	2	2
64424509493	76	2	2
64424509488	76	2	2
8589934644	76	2	2
8589934640	76	2	2
2147483701	76	2	2
115964117023	75	2	2
115964117022	75	2	2
66571993138	75	2	2
57982058550	75	2	2
49392123948	75	2	2
40802189356	75	2	2
25769803821	75	2	2
10737418292	75	2	2
17179869236	74	2	2
73014444081	73	2	2
64424509486	73	2	2
62277025843	73	2	2
55834574892	73	2	2
53687091256	73	2	2
2147483697	73	2	2
64424509495	72	2	2
64424509491	72	2	2
62277025846	72	2	2
12884901940	72	2	2
10737418287	72	2	2
68719476786	71	2	2
64424509490	71	2	2
53687091255	71	2	2
51539607597	71	2	2
40802189357	71	2	2
6442450997	71	2	2
4294967346	71	2	2
83751862316	70	2	2
81604378669	70	2	2
75161927728	70	2	2
68719476787	70	2	2
68719476784	70	2	2
62277025841	70	2	2
55834574903	70	2	2
38654705712	70	2	2
19327352882	70	2	2
60129542197	69	2	2
57982058549	69	2	2
8589934645	69	2	2
2147483703	69	2	2
85899345963	67	2	2
64424509489	67	2	2
64424509485	67	2	2
51539607609	67	2	2
4294967351	67	2	2
55834574901	66	2	2
55834574893	66	2	2
42949673007	66	2	2
10737418293	66	2	2
6442450998	66	2	2
64424509492	65	2	2
64424509487	65	2	2
60129542201	65	2	2
57982058548	65	2	2
57982058543	65	2	2
4294967350	65	2	2
62277025839	64	2	2
57982058542	64	2	2
53687091246	64	2	2
49392123962	64	2	2
19327352884	64	2	2
2147483704	64	2	2
60129542200	63	2	2
27917287474	63	2	2
6442450999	63	2	2
92341796904	62	2	2
55834574906	62	2	2
55834574900	62	2	2
57982058554	61	2	2
57982058553	61	2	2
55834574902	61	2	2
51539607608	61	2	2
49392123961	61	2	2
47244640315	61	2	2
40802189358	61	2	2
88046829610	60	2	2
45097156667	60	2	2
42949673021	60	2	2
8589934648	60	2	2
8589934646	60	2	2
4294967352	60	2	2
90194313257	59	2	2
36507222079	59	2	2
23622320180	59	2	2
21474836533	59	2	2
17179869237	59	2	2
4294967353	59	2	2
94489280551	58	2	2
53687091260	58	2	2
47244640314	58	2	2
42949673020	58	2	2
10737418296	58	2	2
55834574907	57	2	2
51539607607	57	2	2
45097156668	57	2	2
36507222080	57	2	2
34359738433	57	2	2
34359738418	57	2	2
23622320181	57	2	2
21474836534	57	2	2
115964117021	56	2	2
53687091258	56	2	2
49392123960	56	2	2
42949673009	56	2	2
19327352886	56	2	2
2147483706	56	2	2
55834574898	55	2	2
42949673019	55	2	2
30064771122	55	2	2
25769803844	55	2	2
60129542199	54	2	2
55834574896	54	2	2
51539607613	54	2	2
51539607606	54	2	2
32212254769	54	2	2
19327352887	54	2	2
8589934649	54	2	2
2147483705	54	2	2
53687091259	53	2	2
40802189373	53	2	2
6442451000	53	2	2
113816633374	52	2	2
53687091249	52	2	2
51539607604	52	2	2
49392123959	52	2	2
47244640318	52	2	2
36507222078	52	2	2
34359738432	52	2	2
30064771137	52	2	2
25769803830	52	2	2
51539607612	51	2	2
49392123964	51	2	2
38654705726	51	2	2
34359738419	51	2	2
32212254770	51	2	2
25769803828	51	2	2
49392123965	50	2	2
47244640313	50	2	2
45097156671	50	2	2
30064771124	50	2	2
4294967354	50	2	2
51539607602	49	2	2
49392123966	49	2	2
45097156666	49	2	2
40802189374	49	2	2
38654705727	49	2	2
32212254786	49	2	2
32212254785	49	2	2
30064771138	49	2	2
27917287491	49	2	2
27917287476	49	2	2
21474836550	49	2	2
45097156665	48	2	2
42949673018	48	2	2
30064771136	48	2	2
27917287490	48	2	2
25769803827	48	2	2
55834574905	47	2	2
38654705725	47	2	2
30064771139	47	2	2
27917287479	47	2	2
27917287477	47	2	2
21474836549	47	2	2
21474836535	47	2	2
17179869256	47	2	2
45097156670	46	2	2
32212254784	46	2	2
30064771125	46	2	2
27917287492	46	2	2
27917287478	46	2	2
21474836551	46	2	2
103079215139	45	2	2
51539607611	45	2	2
47244640311	45	2	2
34359738431	45	2	2
32212254782	45	2	2
25769803843	45	2	2
23622320196	45	2	2
19327352903	45	2	2
8589934652	45	2	2
2147483707	45	2	2
49392123958	44	2	2
47244640319	44	2	2
30064771135	44	2	2
21474836536	44	2	2
19327352888	44	2	2
17179869257	44	2	2
17179869240	44	2	2
45097156672	43	2	2
38654705721	43	2	2
36507222077	43	2	2
23622320197	43	2	2
19327352904	43	2	2
15032385610	43	2	2
12884901962	43	2	2
49392123963	42	2	2
34359738429	42	2	2
34359738428	42	2	2
15032385596	42	2	2
133143986197	41	2	2
45097156663	41	2	2
40802189370	41	2	2
38654705723	41	2	2
23622320198	41	2	2
23622320193	41	2	2
21474836542	41	2	2
19327352891	41	2	2
17179869255	41	2	2
10737418299	41	2	2
4294967355	41	2	2
38654705731	40	2	2
34359738430	40	2	2
30064771127	40	2	2
27917287489	40	2	2
27917287488	40	2	2
27917287481	40	2	2
25769803829	40	2	2
23622320195	40	2	2
21474836547	40	2	2
19327352902	40	2	2
19327352893	40	2	2
17179869244	40	2	2
15032385606	40	2	2
12884901946	40	2	2
4294967358	40	2	2
27917287482	39	2	2
25769803842	39	2	2
21474836546	39	2	2
15032385608	39	2	2
10737418315	39	2	2
47244640316	38	2	2
42949673023	38	2	2
34359738436	38	2	2
17179869253	38	2	2
40802189371	37	2	2
40802189364	37	2	2
38654705730	37	2	2
36507222075	37	2	2
32212254783	37	2	2
32212254781	37	2	2
32212254775	37	2	2
32212254774	37	2	2
30064771134	37	2	2
21474836545	37	2	2
17179869254	37	2	2
17179869251	37	2	2
15032385609	37	2	2
15032385599	37	2	2
6442451005	37	2	2
109521666080	36	2	2
34359738437	36	2	2
27917287487	36	2	2
21474836548	36	2	2
17179869243	36	2	2
15032385605	36	2	2
40802189369	35	2	2
36507222084	35	2	2
19327352899	35	2	2
12884901963	35	2	2
8589934665	35	2	2
6442451021	35	2	2
4294967371	35	2	2
4294967370	35	2	2
38654705722	34	2	2
32212254789	34	2	2
32212254780	34	2	2
30064771143	34	2	2
12884901949	34	2	2
45097156669	33	2	2
36507222083	33	2	2
36507222081	33	2	2
27917287495	33	2	2
19327352898	33	2	2
15032385604	33	2	2
2147483723	33	2	2
36507222082	32	2	2
30064771140	32	2	2
15032385607	32	2	2
10737418316	32	2	2
10737418314	32	2	2
8589934668	32	2	2
8589934664	32	2	2
4294967374	32	2	2
4294967369	32	2	2
17179869249	31	2	2
12884901967	31	2	2
12884901961	31	2	2
12884901957	31	2	2
10737418313	31	2	2
8589934673	31	2	2
8589934667	31	2	2
6442451017	31	2	2
2147483726	31	2	2
38654705729	30	2	2
34359738435	30	2	2
32212254787	30	2	2
25769803848	30	2	2
23622320201	30	2	2
17179869247	30	2	2
8589934669	30	2	2
6442451019	30	2	2
2147483725	30	2	2
17179869261	29	2	2
10737418311	29	2	2
2147483727	29	2	2
30064771142	28	2	2
19327352908	28	2	2
12884901966	28	2	2
8589934672	28	2	2
4294967375	28	2	2
4294967372	28	2	2
4294967366	28	2	2
25769803847	27	2	2
17179869260	27	2	2
12884901951	27	2	2
10737418310	27	2	2
8589934666	27	2	2
8589934660	27	2	2
8589934653	27	2	2
6442451016	27	2	2
2147483724	27	2	2
2147483722	27	2	2
21474836555	26	2	2
15032385611	26	2	2
30064771141	25	2	2
21474836552	25	2	2
12884901960	25	2	2
8589934663	25	2	2
6442451026	24	2	2
2147483731	24	2	2
2147483721	24	2	2
23622320200	23	2	2
23622320179	23	2	2
4294967368	23	2	2
2147483728	23	2	2
27917287494	22	2	2
19327352906	22	2	2
10737418319	22	2	2
32212254788	21	2	2
8589934661	21	2	2
2147483729	19	2	2
6442451024	18	2	2
81604378650	299	2	3
79456895003	275	2	3
79456895005	274	2	3
133143986194	256	2	3
77309411357	252	2	3
75161927710	237	2	3
133143986195	228	2	3
73014444061	225	2	3
133143986196	222	2	3
64424509471	219	2	3
109521666072	208	2	3
75161927711	206	2	3
81604378655	205	2	3
62277025820	204	2	3
73014444064	200	2	3
60129542170	196	2	3
60129542175	193	2	3
66571993120	191	2	3
128849018903	190	2	3
68719476769	187	2	3
60129542177	186	2	3
57982058529	185	2	3
77309411360	184	2	3
57982058525	184	2	3
70866960416	183	2	3
66571993121	182	2	3
60129542174	180	2	3
75161927713	177	2	3
66571993123	176	2	3
66571993122	176	2	3
64424509473	175	2	3
70866960417	174	2	3
68719476770	174	2	3
57982058530	173	2	3
113816633370	172	2	3
77309411362	171	2	3
75161927714	171	2	3
55834574882	168	2	3
75161927715	167	2	3
57982058528	164	2	3
77309411361	163	2	3
62277025826	163	2	3
51539607588	160	2	3
64424509475	159	2	3
45097156640	158	2	3
64424509474	157	2	3
77309411363	156	2	3
124554051609	154	2	3
105226698782	153	2	3
66571993124	153	2	3
53687091235	152	2	3
53687091229	152	2	3
27917287460	151	2	3
55834574883	150	2	3
42949672993	150	2	3
25769803813	150	2	3
51539607587	149	2	3
113816633372	148	2	3
64424509476	148	2	3
73014444068	147	2	3
36507222051	147	2	3
118111600666	146	2	3
57982058532	145	2	3
53687091234	145	2	3
40802189345	145	2	3
53687091236	142	2	3
60129542181	141	2	3
55834574881	140	2	3
64424509477	139	2	3
49392123936	138	2	3
60129542180	137	2	3
49392123935	137	2	3
45097156647	134	2	3
49392123942	133	2	3
45097156642	133	2	3
36507222052	133	2	3
73014444069	132	2	3
27917287462	132	2	3
79456895014	131	2	3
51539607589	131	2	3
47244640294	130	2	3
45097156645	129	2	3
64424509478	128	2	3
66571993126	127	2	3
45097156646	127	2	3
45097156641	127	2	3
45097156643	126	2	3
60129542182	125	2	3
53687091238	125	2	3
34359738404	125	2	3
55834574885	124	2	3
2147483692	123	2	3
30064771110	122	2	3
23622320168	122	2	3
60129542184	121	2	3
21474836521	121	2	3
38654705706	120	2	3
79456895017	118	2	3
47244640291	118	2	3
38654705702	118	2	3
19327352873	118	2	3
6442450987	118	2	3
68719476774	117	2	3
60129542183	117	2	3
47244640293	116	2	3
47244640292	116	2	3
42949672999	116	2	3
73014444071	115	2	3
19327352874	115	2	3
4294967340	115	2	3
64424509479	114	2	3
47244640290	114	2	3
45097156648	114	2	3
42949672998	114	2	3
2147483693	114	2	3
51539607591	113	2	3
47244640295	113	2	3
45097156644	113	2	3
36507222059	113	2	3
27917287463	113	2	3
38654705700	112	2	3
36507222057	112	2	3
30064771111	112	2	3
42949673000	111	2	3
38654705704	111	2	3
51539607592	110	2	3
42949672996	110	2	3
40802189348	110	2	3
38654705705	110	2	3
10737418284	110	2	3
64424509480	109	2	3
40802189353	109	2	3
36507222056	109	2	3
36507222055	109	2	3
68719476777	108	2	3
66571993129	108	2	3
34359738412	108	2	3
25769803816	108	2	3
75161927727	107	2	3
42949673001	107	2	3
42949672997	107	2	3
4294967341	107	2	3
73014444072	106	2	3
42949672994	106	2	3
36507222058	106	2	3
34359738408	106	2	3
12884901931	106	2	3
51539607593	105	2	3
38654705703	105	2	3
36507222054	105	2	3
40802189350	104	2	3
17179869226	104	2	3
77309411374	103	2	3
70866960435	103	2	3
64424509481	103	2	3
34359738411	103	2	3
32212254765	103	2	3
32212254761	103	2	3
19327352875	103	2	3
17179869227	103	2	3
36507222053	102	2	3
23622320169	102	2	3
15032385579	102	2	3
10737418285	102	2	3
38654705707	101	2	3
27917287464	101	2	3
60129542185	100	2	3
10737418283	100	2	3
6442450988	100	2	3
75161927720	99	2	3
60129542186	99	2	3
53687091242	99	2	3
40802189351	99	2	3
34359738409	99	2	3
32212254766	99	2	3
30064771112	99	2	3
2147483694	99	2	3
25769803819	98	2	3
64424509483	97	2	3
45097156651	97	2	3
38654705701	97	2	3
34359738410	97	2	3
32212254759	97	2	3
25769803817	97	2	3
21474836522	97	2	3
12884901933	97	2	3
8589934636	97	2	3
73014444076	96	2	3
19327352877	96	2	3
133143986198	95	2	3
60129542187	95	2	3
15032385581	95	2	3
12884901932	95	2	3
57982058539	94	2	3
57982058537	94	2	3
34359738406	94	2	3
51539607594	93	2	3
30064771118	93	2	3
15032385580	93	2	3
8589934638	93	2	3
66571993132	92	2	3
23622320171	92	2	3
57982058538	91	2	3
36507222060	91	2	3
4294967344	91	2	3
68719476780	90	2	3
68719476779	90	2	3
62277025836	90	2	3
47244640299	90	2	3
23622320177	90	2	3
19327352876	90	2	3
42949673004	89	2	3
40802189354	89	2	3
73014444080	88	2	3
73014444073	88	2	3
66571993133	88	2	3
51539607595	88	2	3
30064771117	88	2	3
57982058540	87	2	3
34359738413	87	2	3
49392123946	86	2	3
17179869228	86	2	3
55834574890	85	2	3
25769803818	85	2	3
8589934639	85	2	3
68719476785	84	2	3
45097156653	84	2	3
45097156652	84	2	3
34359738416	84	2	3
6442450992	84	2	3
4294967342	84	2	3
15032385582	83	2	3
6442450994	83	2	3
6442450990	83	2	3
17179869229	82	2	3
15032385587	82	2	3
6442450991	82	2	3
34359738415	81	2	3
66571993139	80	2	3
60129542188	80	2	3
36507222062	80	2	3
68719476781	79	2	3
60129542178	79	2	3
38654705709	79	2	3
15032385588	79	2	3
66571993137	78	2	3
62277025837	78	2	3
47244640301	78	2	3
23622320178	78	2	3
42949673006	77	2	3
42949673005	77	2	3
27917287472	77	2	3
2147483696	77	2	3
68719476783	76	2	3
51539607596	76	2	3
55834574891	75	2	3
38654705710	75	2	3
15032385589	75	2	3
2147483695	75	2	3
53687091245	74	2	3
47244640302	74	2	3
30064771119	74	2	3
21474836531	74	2	3
6442450993	74	2	3
66571993134	73	2	3
53687091244	73	2	3
60129542189	72	2	3
38654705711	72	2	3
36507222063	72	2	3
49392123949	71	2	3
17179869235	71	2	3
12884901941	71	2	3
53687091254	70	2	3
118111600668	69	2	3
77309411375	69	2	3
60129542191	69	2	3
60129542190	69	2	3
47244640304	69	2	3
32212254768	69	2	3
57982058547	68	2	3
47244640303	68	2	3
45097156655	68	2	3
45097156654	68	2	3
25769803825	68	2	3
15032385590	68	2	3
2147483698	68	2	3
55834574894	67	2	3
51539607590	67	2	3
36507222064	67	2	3
62277025838	66	2	3
60129542196	66	2	3
55834574884	66	2	3
62277025842	65	2	3
60129542194	65	2	3
57982058531	65	2	3
51539607598	65	2	3
38654705713	65	2	3
36507222065	65	2	3
34359738417	65	2	3
12884901942	65	2	3
10737418294	65	2	3
62277025845	64	2	3
51539607599	64	2	3
30064771121	64	2	3
2147483699	64	2	3
49392123951	63	2	3
10737418295	63	2	3
62277025840	62	2	3
60129542192	62	2	3
53687091247	62	2	3
38654705714	62	2	3
57982058546	61	2	3
57982058545	61	2	3
12884901943	61	2	3
60129542195	60	2	3
55834574899	60	2	3
55834574895	60	2	3
49392123950	60	2	3
47244640306	60	2	3
40802189359	60	2	3
53687091253	59	2	3
51539607600	59	2	3
49392123952	59	2	3
45097156657	59	2	3
36507222067	59	2	3
34359738420	59	2	3
27917287475	59	2	3
8589934647	59	2	3
53687091248	58	2	3
15032385592	58	2	3
60129542193	57	2	3
57982058552	57	2	3
49392123943	57	2	3
42949673010	57	2	3
57982058544	56	2	3
53687091250	56	2	3
47244640307	55	2	3
42949673008	55	2	3
40802189360	55	2	3
38654705716	55	2	3
98784247845	54	2	3
55834574897	54	2	3
51539607601	54	2	3
49392123954	54	2	3
49392123953	54	2	3
40802189361	54	2	3
38654705717	54	2	3
55834574904	53	2	3
53687091257	53	2	3
53687091252	53	2	3
53687091237	53	2	3
49392123957	53	2	3
38654705715	53	2	3
36507222066	53	2	3
30064771123	53	2	3
60129542198	52	2	3
47244640305	52	2	3
45097156656	52	2	3
34359738422	52	2	3
15032385597	52	2	3
51539607603	51	2	3
42949673013	51	2	3
42949673012	51	2	3
6442451001	51	2	3
53687091251	50	2	3
47244640310	50	2	3
45097156659	50	2	3
45097156658	50	2	3
15032385593	50	2	3
12884901945	50	2	3
6442451002	50	2	3
51539607605	49	2	3
47244640309	49	2	3
38654705719	49	2	3
17179869239	49	2	3
111669149727	48	2	3
107374182433	48	2	3
57982058551	48	2	3
47244640296	48	2	3
45097156660	48	2	3
42949673015	48	2	3
42949673011	48	2	3
42949673002	48	2	3
34359738425	48	2	3
32212254771	48	2	3
23622320183	48	2	3
96636764198	47	2	3
51539607610	47	2	3
47244640308	47	2	3
42949673024	47	2	3
40802189363	47	2	3
34359738421	47	2	3
25769803845	47	2	3
15032385595	47	2	3
10737418298	47	2	3
47244640312	46	2	3
45097156661	46	2	3
36507222069	46	2	3
34359738426	46	2	3
34359738423	46	2	3
32212254772	46	2	3
21474836538	46	2	3
15032385594	46	2	3
100931731492	45	2	3
45097156649	45	2	3
36507222070	45	2	3
34359738427	45	2	3
34359738424	45	2	3
49392123955	44	2	3
40802189365	44	2	3
38654705720	44	2	3
36507222071	44	2	3
36507222068	44	2	3
30064771128	44	2	3
19327352889	44	2	3
2147483708	44	2	3
42949673017	43	2	3
42949673016	43	2	3
38654705718	43	2	3
36507222072	43	2	3
17179869252	43	2	3
17179869241	43	2	3
45097156664	42	2	3
36507222076	42	2	3
30064771126	42	2	3
27917287486	42	2	3
25769803832	42	2	3
23622320184	42	2	3
23622320182	42	2	3
19327352890	42	2	3
17179869242	42	2	3
45097156662	41	2	3
40802189372	41	2	3
40802189368	41	2	3
38654705724	41	2	3
36507222073	41	2	3
27917287480	41	2	3
25769803835	41	2	3
25769803831	41	2	3
23622320187	41	2	3
23622320185	41	2	3
21474836540	41	2	3
42949673014	40	2	3
40802189362	40	2	3
32212254776	40	2	3
25769803836	40	2	3
25769803834	40	2	3
21474836537	40	2	3
47244640317	39	2	3
38654705708	39	2	3
36507222061	39	2	3
32212254773	39	2	3
30064771130	39	2	3
30064771129	39	2	3
21474836539	39	2	3
19327352892	39	2	3
10737418301	39	2	3
10737418300	39	2	3
8589934654	39	2	3
8589934651	39	2	3
4294967360	39	2	3
42949673022	38	2	3
40802189367	38	2	3
40802189355	38	2	3
25769803837	38	2	3
23622320194	38	2	3
15032385600	38	2	3
12884901948	38	2	3
6442451004	38	2	3
4294967362	38	2	3
105226698786	37	2	3
49392123956	37	2	3
42949673025	37	2	3
40802189366	37	2	3
32212254777	37	2	3
30064771131	37	2	3
25769803840	37	2	3
25769803839	37	2	3
23622320192	37	2	3
15032385601	37	2	3
12884901950	37	2	3
36507222074	36	2	3
32212254767	36	2	3
27917287485	36	2	3
21474836541	36	2	3
17179869246	36	2	3
15032385602	36	2	3
15032385598	36	2	3
40802189377	35	2	3
32212254779	35	2	3
27917287483	35	2	3
25769803833	35	2	3
23622320190	35	2	3
23622320189	35	2	3
21474836543	35	2	3
19327352901	35	2	3
19327352900	35	2	3
19327352894	35	2	3
17179869245	35	2	3
12884901947	35	2	3
10737418303	35	2	3
4294967373	35	2	3
2147483710	35	2	3
34359738434	34	2	3
32212254778	34	2	3
30064771133	34	2	3
25769803841	34	2	3
25769803838	34	2	3
23622320191	34	2	3
21474836554	34	2	3
19327352896	34	2	3
19327352895	34	2	3
17179869248	34	2	3
10737418305	34	2	3
8589934656	34	2	3
6442451009	34	2	3
2147483715	34	2	3
40802189378	33	2	3
40802189376	33	2	3
34359738414	33	2	3
30064771132	33	2	3
30064771120	33	2	3
27917287496	33	2	3
27917287484	33	2	3
23622320188	33	2	3
6442451018	33	2	3
4294967364	33	2	3
32212254790	32	2	3
23622320202	32	2	3
23622320186	32	2	3
17179869250	32	2	3
12884901959	32	2	3
10737418312	32	2	3
8589934658	32	2	3
6442451020	32	2	3
6442451008	32	2	3
6442451007	32	2	3
6442451006	32	2	3
4294967365	32	2	3
4294967361	32	2	3
4294967357	32	2	3
2147483711	32	2	3
21474836544	31	2	3
19327352897	31	2	3
12884901958	31	2	3
12884901953	31	2	3
10737418302	31	2	3
38654705728	30	2	3
25769803849	30	2	3
25769803846	30	2	3
19327352907	30	2	3
15032385603	30	2	3
10737418306	30	2	3
6442451012	30	2	3
6442451010	30	2	3
4294967363	30	2	3
2147483713	30	2	3
12884901955	29	2	3
12884901954	29	2	3
12884901952	29	2	3
8589934655	29	2	3
6442451025	29	2	3
6442451022	29	2	3
6442451011	29	2	3
4294967379	29	2	3
4294967359	29	2	3
2147483718	29	2	3
2147483717	29	2	3
2147483712	29	2	3
27917287493	28	2	3
27917287473	28	2	3
15032385614	28	2	3
12884901956	28	2	3
10737418304	28	2	3
8589934659	28	2	3
4294967378	28	2	3
17179869258	27	2	3
15032385613	27	2	3
10737418320	27	2	3
10737418308	27	2	3
4294967367	27	2	3
2147483720	27	2	3
25769803826	26	2	3
10737418307	26	2	3
2147483719	26	2	3
2147483714	26	2	3
40802189375	25	2	3
23622320199	25	2	3
21474836532	25	2	3
19327352905	25	2	3
15032385591	25	2	3
10737418309	25	2	3
8589934657	25	2	3
6442451015	24	2	3
6442451014	24	2	3
21474836553	23	2	3
17179869238	23	2	3
6442451023	23	2	3
2147483732	23	2	3
2147483716	23	2	3
19327352885	22	2	3
4294967376	22	2	3
12884901965	21	2	3
10737418317	21	2	3
8589934662	21	2	3
6442451013	21	2	3
12884901964	20	2	3
12884901944	20	2	3
8589934670	20	2	3
8589934671	19	2	3
4294967356	18	2	3
2147483709	18	2	3
15032385612	17	2	3
10737418297	17	2	3
4294967377	17	2	3
17179869259	16	2	3
6442451003	16	2	3
130996502529	2502	2	6
178241142785	2319	2	6
167503724545	6206	2	0
154618822657	6058	2	0
156766306305	6027	2	0
169651208193	6009	2	0
139586437121	5927	2	0
143881404417	5901	2	0
141733920769	5885	2	0
158913789953	5838	2	0
137438953473	5784	2	0
90194313217	5780	2	0
75161927681	5776	2	0
152471339009	5761	2	0
161061273601	5675	2	0
163208757249	5643	2	0
165356240897	5641	2	0
148176371713	5636	2	0
146028888065	5625	2	0
135291469825	5619	2	0
77309411329	5547	2	0
92341796865	5520	2	0
171798691841	5446	2	0
96636764161	5315	2	0
150323855361	5309	2	0
152471339010	5249	2	0
64424509441	5246	2	0
154618822658	5241	2	0
85899345921	5224	2	0
167503724546	5208	2	0
141733920770	5206	2	0
73014444033	5172	2	0
146028888066	5162	2	0
94489280513	5151	2	0
62277025793	5151	2	0
139586437122	5148	2	0
88046829569	5132	2	0
137438953474	5129	2	0
158913789954	5109	2	0
135291469826	5105	2	0
126701535233	5068	2	0
156766306306	5049	2	0
81604378625	5036	2	0
161061273602	5019	2	0
79456894977	5012	2	0
2147483649	5009	2	0
34359738369	5008	2	0
163208757250	4992	2	0
66571993089	4955	2	0
143881404418	4945	2	0
98784247809	4910	2	0
165356240898	4861	2	0
169651208194	4850	2	0
148176371714	4834	2	0
100931731457	4816	2	0
70866960385	4794	2	0
83751862273	4715	2	0
75161927682	4685	2	0
36507222017	4682	2	0
150323855362	4674	2	0
146028888067	4654	2	0
143881404419	4654	2	0
135291469827	4650	2	0
68719476737	4635	2	0
38654705665	4624	2	0
90194313218	4553	2	0
152471339011	4548	2	0
27917287425	4544	2	0
137438953475	4523	2	0
139586437123	4513	2	0
158913789955	4500	2	0
88046829570	4489	2	0
62277025794	4479	2	0
64424509442	4478	2	0
128849018881	4464	2	0
156766306307	4459	2	0
154618822659	4438	2	0
70866960386	4399	2	0
161061273603	4398	2	0
124554051585	4383	2	0
47244640257	4353	2	0
148176371715	4341	2	0
51539607553	4324	2	0
141733920771	4318	2	0
45097156609	4310	2	0
73014444034	4307	2	0
165356240899	4298	2	0
163208757251	4293	2	0
21474836481	4289	2	0
150323855363	4274	2	0
32212254721	4264	2	0
79456894978	4249	2	0
77309411330	4244	2	0
49392123905	4243	2	0
85899345922	4235	2	0
60129542145	4232	2	0
42949672961	4221	2	0
30064771073	4216	2	0
23622320129	4214	2	0
167503724547	4187	2	0
94489280514	4179	2	0
92341796866	4166	2	0
83751862274	4160	2	0
4294967297	4156	2	0
143881404420	4152	2	0
40802189313	4152	2	0
55834574849	4151	2	0
53687091201	4151	2	0
96636764162	4134	2	0
66571993090	4121	2	0
68719476738	4091	2	0
34359738370	4090	2	0
122406567937	4086	2	0
158913789956	4085	2	0
60129542146	4066	2	0
25769803777	4037	2	0
68719476739	4035	2	0
135291469828	4019	2	0
17179869185	4019	2	0
141733920772	4014	2	0
19327352833	4003	2	0
146028888068	3999	2	0
32212254722	3984	2	0
45097156610	3976	2	0
81604378626	3960	2	0
154618822660	3957	2	0
137438953476	3929	2	0
152471339012	3928	2	0
148176371716	3916	2	0
57982058497	3915	2	0
156766306308	3914	2	0
40802189314	3911	2	0
124554051586	3909	2	0
36507222018	3893	2	0
88046829571	3885	2	0
34359738371	3870	2	0
73014444035	3862	2	0
66571993092	3854	2	0
150323855364	3843	2	0
70866960387	3838	2	0
38654705666	3818	2	0
85899345923	3801	2	0
57982058498	3795	2	0
163208757252	3793	2	0
139586437124	3785	2	0
161061273604	3777	2	0
98784247810	3770	2	0
77309411331	3765	2	0
66571993091	3758	2	0
62277025795	3756	2	0
30064771074	3755	2	0
53687091202	3743	2	0
141733920773	3742	2	0
49392123906	3738	2	0
146028888069	3735	2	0
27917287426	3728	2	0
68719476740	3714	2	0
173946175489	3711	2	0
83751862275	3711	2	0
42949672962	3710	2	0
75161927683	3702	2	0
60129542147	3701	2	0
90194313219	3677	2	0
47244640258	3674	2	0
8589934593	3672	2	0
165356240900	3671	2	0
79456894979	3665	2	0
51539607554	3659	2	0
38654705667	3653	2	0
32212254723	3646	2	0
143881404421	3645	2	0
25769803778	3640	2	0
64424509443	3606	2	0
6442450945	3600	2	0
92341796867	3598	2	0
128849018883	3594	2	0
158913789957	3578	2	0
40802189315	3573	2	0
139586437125	3566	2	0
81604378627	3558	2	0
32212254724	3555	2	0
30064771075	3552	2	0
135291469829	3544	2	0
156766306309	3536	2	0
126701535234	3536	2	0
122406567938	3520	2	0
45097156611	3518	2	0
15032385537	3513	2	0
94489280515	3511	2	0
103079215106	3510	2	0
42949672963	3508	2	0
66571993093	3505	2	0
64424509445	3502	2	0
120259084289	3497	2	0
148176371717	3493	2	0
152471339013	3477	2	0
154618822661	3465	2	0
55834574850	3457	2	0
36507222019	3443	2	0
34359738372	3443	2	0
70866960388	3440	2	0
75161927684	3438	2	0
38654705668	3432	2	0
27917287427	3427	2	0
36507222020	3424	2	0
79456894980	3422	2	0
34359738373	3414	2	0
57982058499	3406	2	0
47244640259	3404	2	0
180388626433	3400	2	0
40802189316	3389	2	0
60129542148	3385	2	0
55834574851	3381	2	0
21474836482	3376	2	0
19327352834	3375	2	0
96636764163	3374	2	0
53687091204	3370	2	0
51539607555	3367	2	0
150323855365	3364	2	0
49392123907	3348	2	0
57982058500	3347	2	0
77309411332	3341	2	0
2147483650	3338	2	0
143881404422	3335	2	0
161061273605	3334	2	0
62277025796	3334	2	0
23622320130	3330	2	0
128849018884	3329	2	0
30064771077	3322	2	0
30064771076	3318	2	0
137438953477	3317	2	0
64424509446	3309	2	0
64424509444	3308	2	0
85899345924	3306	2	0
83751862276	3305	2	0
68719476741	3299	2	0
171798691842	3283	2	0
88046829572	3280	2	0
62277025798	3278	2	0
73014444036	3276	2	0
45097156612	3274	2	0
146028888070	3273	2	0
25769803779	3272	2	0
77309411333	3268	2	0
141733920774	3267	2	0
38654705669	3252	2	0
90194313220	3248	2	0
53687091203	3247	2	0
81604378628	3236	2	0
27917287428	3231	2	0
163208757253	3201	2	0
120259084290	3196	2	0
62277025797	3179	2	0
32212254725	3176	2	0
139586437126	3169	2	0
42949672964	3168	2	0
126701535236	3165	2	0
32212254726	3156	2	0
79456894981	3155	2	0
49392123908	3154	2	0
55834574852	3152	2	0
10737418241	3147	2	0
158913789958	3143	2	0
156766306310	3143	2	0
92341796868	3139	2	0
122406567939	3134	2	0
66571993094	3133	2	0
51539607556	3133	2	0
17179869186	3125	2	0
130996502530	3123	2	0
36507222021	3123	2	0
34359738374	3121	2	0
137438953478	3116	2	0
154618822662	3115	2	0
152471339014	3112	2	0
30064771079	3112	2	0
105226698753	3101	2	0
51539607557	3101	2	0
12884901889	3090	2	0
148176371718	3089	2	0
53687091205	3081	2	0
27917287429	3075	2	0
128849018885	3074	2	0
