pair_id	rows	cols	config
57982058532	4063	2	
57982058568	3955	2	
55834574860	3950	2	
38654705702	3713	2	
75161927683	3636	2	
45097156619	3523	2	
55834574872	3440	2	
135291469860	3401	2	
45097156611	3197	2	
6442450997	3172	2	
135291469831	3149	2	
38654705709	3141	2	
57982058539	3011	2	3
57982058519	2965	2	2
55834574857	2903	2	6
83751862327	2876	2	2
64424509510	2875	2	2
83751862312	2866	2	2
32212254752	2837	2	2
6442451003	2820	2	2
30064771095	2818	2	2
70866960422	2809	2	3
25769803846	2790	2	2
57982058511	2784	2	3
81604378636	2778	2	2
8589934659	2771	2	2
169651208206	2763	2	2
32212254801	2756	2	2
90194313224	2748	2	3
161061273621	2747	2	2
25769803857	2745	2	2
100931731503	2742	2	2
79456895021	2700	2	2
107374182449	2691	2	2
182536110095	2638	2	3
55834574864	2587	2	3
38654705716	2583	2	3
60129542158	2560	2	2
133143986189	2547	2	6
38654705673	2524	2	2
154618822657	2511	2	2
94489280535	2493	2	6
49392123911	2486	2	2
120259084295	2477	2	2
90194313273	2476	2	3
90194313237	2423	2	3
55834574921	2415	2	2
150323855389	2401	2	2
57982058497	2399	2	2
120259084302	2398	2	3
92341796867	2394	2	6
51539607560	2394	2	2
30064771112	2388	2	2
6442450959	2364	2	3
38654705745	2359	2	2
49392123953	2348	2	2
55834574849	2341	2	2
75161927712	2325	2	2
60129542215	2241	2	2
98784247822	2224	2	2
120259084294	2162	2	3
107374182413	2154	2	6
2147483675	2095	2	2
75161927695	2049	2	2
6442451016	2031	2	2
94489280557	2027	2	2
30064771140	2023	2	2
70866960431	2014	2	2
2147483710	2007	2	2
51539607597	1999	2	2
8589934621	1991	2	2
6442451011	1985	2	6
81604378653	1977	2	2
47244640320	1963	2	2
176093659147	1960	2	2
81604378685	1960	2	2
25769803801	1959	2	2
60129542179	1958	2	2
49392123981	1930	2	2
57982058525	1929	2	2
79456894993	1918	2	2
51539607620	1917	2	2
57982058507	1910	2	2
90194313244	1909	2	3
81604378628	1905	2	2
60129542166	1878	2	3
109521666063	1844	2	3
64424509495	1827	2	6
184683593733	1811	2	2
55834574850	1790	2	3
55834574885	1777	2	2
2147483746	1771	2	2
169651208207	1751	2	2
32212254780	1742	2	3
42949672999	1741	2	6
25769803843	1735	2	2
6442451004	1735	2	2
182536110087	1723	2	2
45097156656	1723	2	2
32212254799	1718	2	2
64424509482	1710	2	2
83751862326	1703	2	2
100931731505	1689	2	2
83751862280	1681	2	2
148176371728	1679	2	3
133143986210	1679	2	2
2147483674	1679	2	2
55834574889	1678	2	2
38654705708	1659	2	3
25769803778	1659	2	6
62277025818	1656	2	3
92341796881	1654	2	6
115964117020	1635	2	6
152471339017	1618	2	2
47244640279	1614	2	6
49392123954	1612	2	6
120259084331	1606	2	2
42949673031	1586	2	6
141733920790	1576	2	2
66571993093	1564	2	6
133143986184	1551	2	2
120259084307	1547	2	2
19327352881	1538	2	3
75161927689	1536	2	3
53687091215	1520	2	2
6442451037	1508	2	2
40802189377	1487	2	2
2147483665	1474	2	2
75161927687	1449	2	2
27917287492	1445	2	6
126701535250	1442	2	3
79456895032	1438	2	2
143881404438	1435	2	2
154618822684	1432	2	2
60129542154	1420	2	3
49392123966	1417	2	2
64424509483	1413	2	2
107374182420	1408	2	2
173946175493	1405	2	2
25769803818	1399	2	2
6442450968	1395	2	2
169651208195	1386	2	2
77309411369	1386	2	2
81604378649	1360	2	2
81604378630	1356	2	3
85899345931	1354	2	2
75161927744	1350	2	2
40802189367	1348	2	2
47244640315	1343	2	2
30064771151	1341	2	2
92341796894	1337	2	6
38654705688	1332	2	3
42949673026	1316	2	2
148176371735	1307	2	2
150323855365	1292	2	2
53687091263	1287	2	2
49392123924	1287	2	6
2147483689	1275	2	3
85899345968	1271	2	3
38654705696	1271	2	2
8589934668	1271	2	2
68719476773	1266	2	2
115964116993	1258	2	2
124554051591	1255	2	2
96636764198	1251	2	2
92341796893	1250	2	6
40802189347	1250	2	3
113816633365	1241	2	2
25769803803	1233	2	2
96636764201	1230	2	2
103079215136	1217	2	3
197568495624	1192	2	2
137438953497	1189	2	3
118111600659	1184	2	2
64424509453	1183	2	2
133143986177	1180	2	2
156766306331	1173	2	2
8589934620	1172	2	2
47244640325	1165	2	2
42949673017	1159	2	2
60129542186	1157	2	2
51539607613	1148	2	2
115964117022	1128	2	6
57982058504	1124	2	2
4294967358	1123	2	2
109521666085	1119	2	2
38654705674	1118	2	2
30064771113	1118	2	6
32212254767	1111	2	2
6442451040	1098	2	3
79456895018	1094	2	2
126701535264	1093	2	6
115964117031	1085	2	2
100931731484	1080	2	2
2147483717	1076	2	2
66571993134	1050	2	6
38654705672	1048	2	3
154618822669	1043	2	2
92341796921	1039	2	6
120259084328	1037	2	3
55834574866	1036	2	2
55834574892	1032	2	2
38654705721	1030	2	3
47244640317	1028	2	2
70866960399	1024	2	2
146028888094	1021	2	6
57982058531	1021	2	2
60129542151	1020	2	2
128849018892	1009	2	6
42949672962	1008	2	3
8589934609	1002	2	2
90194313230	998	2	2
49392123941	998	2	6
128849018893	997	2	6
53687091235	996	2	2
45097156679	991	2	2
199715979265	990	2	2
30064771142	988	2	6
21474836535	983	2	2
30064771137	981	2	2
40802189348	978	2	3
36507222050	978	2	2
79456895023	977	2	6
8589934657	976	2	2
148176371743	973	2	2
122406567955	972	2	6
79456894994	970	2	6
64424509502	969	2	2
83751862315	961	2	2
62277025816	954	2	2
62277025812	951	2	2
6442450956	950	2	2
107374182417	947	2	2
64424509470	938	2	6
105226698769	935	2	2
10737418283	935	2	2
96636764196	927	2	2
107374182406	924	2	2
118111600667	920	2	6
173946175498	917	2	2
126701535259	915	2	2
19327352888	909	2	6
49392123927	908	2	6
21474836486	904	2	2
27917287502	895	2	2
103079215127	880	2	2
53687091221	876	2	2
98784247835	868	2	6
68719476775	868	2	6
27917287433	868	2	2
85899345940	867	2	2
150323855386	866	2	2
40802189346	864	2	2
42949673021	862	2	2
75161927708	860	2	2
176093659138	857	2	6
77309411351	854	2	6
100931731488	852	2	2
25769803819	845	2	6
165356240910	844	2	2
135291469836	843	2	3
156766306316	842	2	2
38654705684	842	2	2
201863462914	839	2	3
27917287497	839	2	2
98784247834	838	2	6
27917287431	838	2	2
32212254744	836	2	3
2147483697	833	2	3
66571993098	831	2	2
17179869274	831	2	6
30064771077	824	2	2
4294967301	815	2	3
64424509456	813	2	2
128849018920	811	2	2
8589934636	811	2	6
115964117017	803	2	2
96636764206	799	2	2
62277025817	797	2	2
23622320195	794	2	2
57982058544	789	2	2
6442450983	782	2	2
109521666050	775	2	2
178241142787	773	2	3
85899345946	766	2	2
68719476737	765	2	2
55834574878	763	2	2
12884901923	761	2	2
146028888079	760	2	2
62277025829	760	2	2
167503724553	751	2	2
27917287456	749	2	2
130996502557	748	2	2
51539607628	745	2	2
173946175490	741	2	2
92341796906	741	2	2
12884901969	737	2	2
40802189330	735	2	2
2147483703	734	2	2
36507222052	733	2	2
21474836528	730	2	6
133143986213	729	2	2
53687091226	729	2	2
79456894978	728	2	2
75161927734	722	2	2
53687091218	721	2	2
42949672985	721	2	2
6442450991	719	2	2
42949672976	718	2	2
25769803858	716	2	2
64424509479	715	2	2
109521666057	714	2	2
30064771087	714	2	6
23622320207	710	2	2
45097156658	709	2	2
49392123973	704	2	2
19327352899	699	2	2
62277025837	695	2	3
2147483673	695	2	6
158913789962	692	2	2
81604378656	688	2	2
25769803848	682	2	6
53687091241	681	2	2
45097156672	681	2	2
98784247862	680	2	2
115964117012	674	2	2
38654705742	669	2	3
8589934612	668	2	2
77309411333	667	2	2
100931731471	666	2	2
66571993116	666	2	6
113816633346	664	2	2
12884901913	664	2	6
118111600678	662	2	6
62277025814	662	2	2
45097156620	656	2	2
53687091248	655	2	2
47244640293	655	2	2
62277025800	654	2	6
165356240905	649	2	2
62277025851	649	2	2
62277025845	640	2	6
98784247850	639	2	3
10737418315	634	2	6
105226698791	633	2	3
6442450967	633	2	2
36507222048	632	2	2
30064771097	630	2	2
81604378642	626	2	2
40802189344	615	2	3
27917287470	608	2	3
32212254761	604	2	3
128849018905	603	2	6
40802189322	603	2	2
109521666052	602	2	2
118111600669	601	2	2
143881404448	598	2	2
85899345953	598	2	2
94489280532	597	2	2
124554051602	594	2	2
90194313236	593	2	2
38654705681	593	2	2
96636764183	588	2	2
40802189375	581	2	2
68719476784	579	2	2
19327352833	579	2	6
19327352903	576	2	2
107374182412	565	2	2
42949672971	565	2	2
25769803793	565	2	6
105226698754	564	2	2
10737418268	564	2	6
85899345952	562	2	2
85899345926	559	2	2
105226698758	557	2	2
77309411383	554	2	6
36507222065	553	2	2
19327352856	553	2	2
126701535254	551	2	2
128849018908	550	2	2
57982058565	548	2	2
118111600651	546	2	2
109521666051	546	2	2
178241142792	543	2	2
47244640302	540	2	2
42949673023	539	2	2
180388626441	538	2	6
135291469857	538	2	2
34359738417	537	2	2
2147483685	535	2	6
27917287494	534	2	6
6442450979	534	2	2
90194313241	533	2	2
148176371714	530	2	2
109521666071	530	2	2
17179869244	530	2	2
19327352871	529	2	2
118111600673	528	2	3
73014444059	524	2	2
118111600664	523	2	2
51539607599	523	2	2
10737418306	523	2	2
53687091247	521	2	2
45097156667	520	2	2
113816633375	519	2	3
15032385626	513	2	6
62277025856	509	2	2
32212254775	509	2	2
17179869271	505	2	3
55834574884	503	2	2
92341796909	502	2	2
12884901918	502	2	6
30064771132	500	2	2
81604378675	497	2	2
128849018904	495	2	2
36507222039	495	2	2
176093659148	492	2	2
113816633345	488	2	2
25769803783	487	2	2
115964117026	485	2	2
51539607558	483	2	2
60129542183	481	2	2
60129542172	480	2	2
115964117004	478	2	2
83751862287	477	2	2
68719476796	474	2	2
49392123921	472	2	2
8589934593	464	2	6
6442450988	464	2	2
19327352894	462	2	2
75161927701	461	2	2
30064771109	460	2	2
85899345923	459	2	2
79456895013	456	2	2
30064771124	453	2	2
66571993148	451	2	2
49392123950	449	2	3
161061273619	443	2	2
51539607561	443	2	2
10737418251	441	2	2
34359738410	440	2	6
98784247828	436	2	2
40802189353	436	2	2
98784247847	435	2	2
30064771146	434	2	2
154618822676	433	2	2
57982058536	433	2	2
81604378648	431	2	2
49392123906	431	2	2
124554051606	427	2	2
92341796913	423	2	2
90194313249	422	2	2
94489280518	419	2	3
70866960409	413	2	2
113816633357	412	2	3
88046829604	412	2	2
77309411378	412	2	2
62277025842	411	2	2
30064771111	409	2	6
100931731502	408	2	2
64424509450	406	2	2
137438953475	405	2	2
146028888077	401	2	6
79456895005	401	2	2
36507222087	401	2	2
96636764174	400	2	2
98784247813	399	2	2
53687091204	398	2	2
2147483682	398	2	6
6442450976	395	2	2
146028888082	394	2	2
105226698756	394	2	3
19327352839	393	2	6
128849018886	392	2	2
62277025809	391	2	3
68719476752	389	2	2
36507222028	387	2	2
109521666070	385	2	2
79456895027	385	2	2
130996502543	382	2	6
109521666081	381	2	2
8589934597	381	2	2
79456894990	380	2	2
19327352880	380	2	2
107374182425	379	2	2
161061273624	377	2	2
109521666069	374	2	3
73014444055	373	2	2
40802189359	373	2	3
98784247846	372	2	2
115964116998	370	2	2
79456894992	370	2	2
62277025803	369	2	2
36507222073	369	2	2
141733920784	368	2	2
169651208197	367	2	2
139586437131	366	2	2
62277025847	364	2	3
158913789960	363	2	2
167503724556	362	2	2
111669149741	360	2	2
204010946562	358	2	2
70866960420	358	2	2
124554051597	357	2	2
103079215114	356	2	6
92341796887	356	2	2
85899345929	356	2	3
92341796872	352	2	2
178241142799	351	2	2
32212254732	350	2	2
75161927715	348	2	2
88046829614	347	2	2
47244640311	347	2	3
53687091205	346	2	6
98784247817	345	2	2
23622320178	345	2	6
15032385581	344	2	2
135291469828	342	2	2
98784247816	339	2	2
85899345980	338	2	6
55834574911	338	2	2
10737418244	338	2	6
45097156635	337	2	2
45097156687	336	2	2
4294967391	336	2	6
122406567937	333	2	2
32212254723	332	2	2
176093659142	331	2	2
79456895033	330	2	2
53687091224	329	2	2
94489280567	328	2	3
85899345933	328	2	2
83751862288	328	2	2
73014444074	328	2	2
15032385593	325	2	2
66571993143	324	2	3
12884901959	324	2	6
55834574897	323	2	2
25769803830	319	2	2
30064771107	318	2	2
85899345934	317	2	2
4294967383	317	2	3
105226698757	315	2	2
148176371715	314	2	2
53687091229	314	2	2
40802189386	314	2	2
49392123932	313	2	2
36507222054	313	2	2
75161927707	312	2	2
51539607608	310	2	2
38654705713	310	2	2
70866960427	306	2	2
163208757262	301	2	6
81604378661	301	2	2
25769803852	300	2	2
109521666079	298	2	2
6442451008	298	2	6
126701535256	295	2	2
113816633373	295	2	2
62277025806	295	2	3
27917287479	295	2	2
53687091230	292	2	2
66571993144	291	2	2
32212254768	290	2	2
204010946563	289	2	2
40802189333	289	2	2
143881404424	288	2	6
62277025802	288	2	2
133143986181	287	2	6
88046829586	287	2	2
156766306323	283	2	2
40802189381	283	2	2
25769803838	283	2	2
30064771152	282	2	2
96636764213	281	2	2
62277025823	281	2	2
152471339013	280	2	2
163208757252	279	2	6
120259084299	278	2	2
85899345935	278	2	2
111669149739	276	2	6
79456894988	276	2	2
30064771083	276	2	2
141733920776	275	2	2
139586437135	275	2	2
8589934646	274	2	2
47244640332	273	2	3
42949672981	273	2	2
68719476789	272	2	2
30064771118	272	2	2
148176371716	271	2	2
146028888087	271	2	2
113816633379	271	2	2
64424509461	271	2	2
141733920795	270	2	2
90194313270	269	2	2
30064771104	269	2	2
10737418245	269	2	2
105226698785	268	2	2
36507222024	268	2	2
36507222018	267	2	2
188978561029	266	2	2
25769803811	266	2	2
23622320204	266	2	2
85899345965	263	2	6
70866960416	263	2	2
165356240900	262	2	2
12884901960	261	2	2
122406567944	260	2	2
118111600645	260	2	2
92341796876	258	2	3
113816633351	257	2	6
128849018912	256	2	2
128849018889	256	2	2
98784247854	256	2	2
100931731479	253	2	2
8589934664	252	2	2
83751862329	251	2	3
53687091275	251	2	2
40802189339	251	2	2
30064771098	251	2	2
60129542160	250	2	2
107374182446	248	2	2
98784247811	248	2	2
122406567940	246	2	2
25769803813	246	2	2
21474836546	243	2	2
10737418293	242	2	6
92341796905	241	2	2
105226698777	239	2	2
103079215132	238	2	6
139586437126	237	2	2
128849018894	237	2	6
36507222059	235	2	2
85899345954	234	2	2
42949673008	233	2	2
156766306319	232	2	2
103079215121	232	2	6
40802189318	231	2	2
49392123905	228	2	2
4294967346	228	2	2
79456894999	227	2	2
27917287488	226	2	2
94489280543	225	2	6
75161927720	225	2	2
32212254784	225	2	2
10737418300	225	2	6
25769803815	224	2	2
6442450985	224	2	6
79456894985	222	2	2
105226698796	221	2	6
73014444088	221	2	3
25769803817	221	2	2
21474836503	221	2	2
169651208201	218	2	2
141733920781	218	2	2
100931731465	216	2	3
109521666097	215	2	6
55834574918	213	2	2
90194313218	212	2	2
83751862317	212	2	6
143881404445	211	2	6
88046829618	210	2	2
105226698763	209	2	2
53687091212	209	2	2
10737418267	209	2	2
15032385624	208	2	2
94489280564	205	2	6
94489280530	205	2	2
53687091257	205	2	2
158913789966	203	2	2
23622320193	203	2	6
34359738432	202	2	6
98784247844	200	2	2
40802189342	200	2	2
148176371723	199	2	2
21474836550	198	2	2
34359738400	197	2	2
53687091228	196	2	2
34359738385	196	2	2
47244640270	194	2	2
79456894979	193	2	2
6442450969	193	2	2
2147483650	193	2	2
133143986208	191	2	3
92341796870	191	2	2
21474836541	191	2	2
81604378682	190	2	2
40802189336	190	2	2
45097156617	189	2	2
36507222045	189	2	2
105226698782	187	2	6
34359738423	187	2	2
2147483714	187	2	2
12884901941	186	2	2
154618822672	184	2	2
146028888091	184	2	2
122406567969	184	2	2
85899345964	183	2	2
36507222072	183	2	2
96636764192	182	2	2
141733920786	180	2	3
118111600679	179	2	2
25769803810	178	2	2
206158430211	177	2	2
184683593740	177	2	2
92341796875	175	2	2
57982058516	175	2	2
23622320151	174	2	6
21474836527	174	2	3
21474836518	174	2	6
12884901902	174	2	6
25769803789	173	2	2
94489280524	172	2	2
36507222053	171	2	2
130996502545	169	2	2
51539607576	169	2	2
109521666082	167	2	6
94489280531	167	2	2
128849018902	166	2	2
8589934653	166	2	3
115964117032	165	2	2
10737418256	164	2	2
32212254749	163	2	6
12884901973	163	2	2
180388626436	162	2	3
36507222071	162	2	2
83751862321	161	2	6
70866960408	160	2	6
113816633364	159	2	2
109521666090	159	2	2
92341796890	159	2	6
77309411379	159	2	2
57982058513	159	2	2
38654705690	158	2	2
36507222083	158	2	2
32212254747	158	2	6
173946175505	157	2	2
62277025857	157	2	6
8589934604	157	2	2
158913789971	156	2	2
32212254772	156	2	6
122406567959	155	2	2
88046829613	155	2	2
83751862299	153	2	2
8589934645	152	2	2
53687091268	151	2	2
165356240902	150	2	2
122406567950	150	2	2
83751862282	149	2	2
25769803824	149	2	2
98784247855	148	2	2
53687091259	147	2	2
141733920775	144	2	2
62277025836	144	2	2
8589934598	144	2	2
85899345962	140	2	2
51539607588	140	2	2
30064771075	139	2	3
53687091249	138	2	2
40802189372	138	2	2
75161927741	135	2	2
32212254755	135	2	2
92341796874	133	2	2
36507222042	133	2	2
161061273614	132	2	6
126701535241	132	2	3
32212254794	132	2	6
34359738428	131	2	2
118111600658	130	2	2
17179869273	128	2	2
10737418311	127	2	2
98784247841	126	2	2
98784247815	126	2	6
49392123969	126	2	2
53687091260	125	2	2
36507222022	125	2	2
17179869259	125	2	3
12884901968	125	2	2
100931731472	124	2	2
85899345949	124	2	2
191126044679	123	2	6
32212254731	123	2	2
19327352913	123	2	6
100931731491	121	2	2
98784247836	121	2	2
141733920774	120	2	2
27917287509	120	2	2
30064771101	118	2	2
47244640265	117	2	2
19327352855	117	2	2
188978561030	116	2	6
137438953505	116	2	6
124554051616	116	2	6
92341796895	116	2	6
53687091254	114	2	6
4294967389	114	2	2
156766306305	113	2	2
113816633384	113	2	2
105226698787	113	2	6
51539607571	113	2	6
38654705693	113	2	2
23622320174	113	2	2
51539607600	112	2	2
19327352884	110	2	6
141733920796	109	2	6
146028888073	108	2	2
113816633363	108	2	2
32212254743	106	2	2
195421011975	105	2	3
128849018913	103	2	2
75161927709	103	2	2
92341796903	102	2	2
83751862308	102	2	3
17179869221	102	2	2
143881404419	101	2	2
36507222099	101	2	2
34359738409	101	2	2
25769803804	101	2	2
173946175502	100	2	2
105226698797	100	2	6
77309411337	100	2	2
32212254740	100	2	6
68719476762	99	2	2
36507222029	99	2	2
88046829605	98	2	3
133143986203	96	2	2
53687091214	96	2	2
79456894982	95	2	2
17179869257	95	2	2
36507222036	94	2	2
139586437145	93	2	2
25769803807	93	2	2
191126044682	92	2	2
17179869198	91	2	2
124554051587	90	2	6
103079215125	90	2	2
103079215113	90	2	6
165356240906	89	2	2
2147483691	89	2	2
100931731498	88	2	6
77309411375	88	2	2
68719476804	87	2	2
73014444076	86	2	6
32212254798	85	2	2
19327352834	85	2	6
186831077379	84	2	3
6442451035	84	2	2
6442451030	84	2	2
94489280515	83	2	2
83751862279	83	2	2
42949673038	82	2	2
208305913857	81	2	6
180388626442	81	2	6
92341796914	81	2	2
107374182439	79	2	2
77309411360	79	2	2
118111600657	78	2	2
8589934673	78	2	3
98784247831	77	2	2
40802189365	77	2	2
68719476780	76	2	2
27917287506	76	2	2
23622320175	76	2	6
109521666076	75	2	2
109521666066	75	2	6
92341796900	75	2	2
79456894986	75	2	2
105226698776	74	2	2
100931731459	73	2	2
36507222084	73	2	6
17179869262	73	2	3
17179869228	73	2	6
150323855384	72	2	2
19327352857	72	2	2
60129542178	71	2	6
21474836560	71	2	2
64424509498	70	2	2
53687091269	70	2	6
40802189366	70	2	2
15032385537	70	2	6
98784247856	69	2	2
77309411373	69	2	2
32212254804	69	2	2
158913789957	68	2	3
130996502532	68	2	2
90194313221	68	2	6
51539607601	68	2	3
186831077380	67	2	6
100931731476	67	2	2
49392123947	67	2	2
60129542205	66	2	6
47244640275	66	2	2
8589934680	66	2	2
4294967338	66	2	2
73014444056	65	2	2
85899345973	64	2	2
19327352844	64	2	2
10737418259	64	2	2
62277025835	63	2	2
42949673027	63	2	3
2147483709	63	2	2
21474836531	62	2	6
115964117011	61	2	2
68719476769	61	2	2
45097156647	61	2	2
23622320182	61	2	2
163208757250	60	2	6
148176371719	60	2	2
81604378650	60	2	2
62277025810	60	2	2
45097156610	60	2	3
36507222081	60	2	2
17179869189	60	2	2
154618822658	59	2	2
128849018899	59	2	3
126701535271	59	2	2
34359738442	59	2	6
27917287447	59	2	2
10737418292	59	2	2
55834574886	58	2	2
21474836502	58	2	2
105226698775	57	2	2
126701535260	55	2	2
55834574869	55	2	6
111669149708	54	2	3
49392123934	54	2	2
66571993102	53	2	2
184683593729	52	2	6
165356240917	52	2	2
156766306315	52	2	2
100931731475	52	2	6
92341796915	52	2	2
83751862276	52	2	2
68719476761	52	2	2
51539607574	52	2	2
45097156663	52	2	2
45097156645	52	2	2
12884901904	52	2	2
100931731473	50	2	6
100931731458	50	2	6
30064771105	50	2	2
66571993135	49	2	3
34359738384	49	2	2
120259084321	48	2	2
113816633391	48	2	2
100931731497	48	2	6
100931731464	48	2	3
70866960385	48	2	2
178241142796	47	2	2
64424509463	47	2	2
38654705735	47	2	2
21474836481	47	2	3
73014444063	46	2	2
57982058563	46	2	2
36507222068	46	2	2
135291469850	45	2	3
113816633370	45	2	2
98784247809	45	2	6
83751862295	45	2	2
10737418304	45	2	2
122406567948	44	2	2
77309411390	44	2	2
73014444078	44	2	2
66571993125	44	2	2
64424509442	44	2	2
81604378633	43	2	2
73014444069	43	2	2
49392123918	43	2	2
45097156659	43	2	2
34359738413	43	2	6
64424509476	42	2	3
8589934622	42	2	2
146028888093	41	2	6
188978561036	40	2	2
92341796868	40	2	6
66571993140	40	2	3
32212254769	40	2	6
113816633376	39	2	2
75161927692	39	2	3
169651208209	38	2	3
53687091222	38	2	3
47244640329	38	2	2
49392123935	37	2	2
45097156652	37	2	2
23622320133	37	2	3
15032385627	37	2	3
49392123936	36	2	2
40802189332	36	2	3
30064771131	36	2	3
25769803779	36	2	2
12884901893	36	2	3
53687091267	35	2	3
34359738373	35	2	2
21474836504	35	2	2
152471339022	34	2	2
113816633360	34	2	2
107374182444	34	2	2
30064771081	34	2	3
111669149742	33	2	3
17179869267	33	2	2
158913789978	32	2	2
137438953504	32	2	6
120259084326	32	2	2
115964117010	32	2	2
8589934688	32	2	2
152471339029	31	2	3
122406567957	31	2	2
85899345959	31	2	3
47244640321	31	2	3
25769803781	31	2	3
135291469855	30	2	2
83751862284	30	2	3
66571993155	30	2	2
49392123955	30	2	2
17179869196	30	2	2
2147483736	30	2	6
100931731463	29	2	3
64424509464	29	2	2
184683593737	28	2	3
83751862293	28	2	6
64424509484	28	2	2
17179869253	28	2	3
8589934678	28	2	3
4294967361	28	2	3
45097156630	27	2	6
25769803837	27	2	3
21474836491	27	2	2
19327352892	27	2	2
17179869235	27	2	2
152471339027	26	2	3
96636764210	26	2	3
64424509465	26	2	2
51539607568	26	2	3
15032385618	26	2	2
154618822668	25	2	2
45097156644	25	2	2
40802189316	25	2	3
19327352901	25	2	2
173946175504	24	2	2
137438953483	24	2	3
90194313268	24	2	3
45097156660	24	2	3
40802189323	24	2	2
30064771130	24	2	2
191126044677	23	2	2
124554051604	23	2	2
111669149725	23	2	2
111669149712	23	2	6
88046829572	23	2	2
85899345972	23	2	2
79456895012	23	2	2
77309411370	23	2	2
27917287508	23	2	3
27917287463	23	2	2
25769803845	23	2	2
2147483722	23	2	3
156766306324	22	2	2
94489280538	22	2	2
55834574916	22	2	3
15032385597	22	2	6
141733920802	21	2	3
137438953503	21	2	3
130996502554	21	2	2
40802189393	21	2	2
4294967302	21	2	3
158913789963	20	2	3
156766306313	20	2	3
81604378680	20	2	6
79456895011	20	2	3
70866960443	20	2	3
70866960441	20	2	3
49392123965	20	2	3
34359738386	20	2	2
30064771088	20	2	3
154618822666	19	2	2
137438953507	19	2	3
100931731493	19	2	3
90194313263	19	2	3
88046829625	19	2	3
83751862306	19	2	3
75161927739	19	2	3
70866960436	19	2	2
66571993138	19	2	3
60129542180	19	2	6
57982058558	19	2	3
32212254748	19	2	3
27917287504	19	2	3
25769803864	19	2	3
173946175500	18	2	3
156766306325	18	2	3
139586437124	18	2	3
118111600685	18	2	3
68719476794	18	2	3
32212254751	18	2	3
17179869207	18	2	3
8589934618	18	2	3
139586437133	17	2	3
109521666089	17	2	2
88046829610	17	2	3
73014444085	17	2	3
73014444046	17	2	3
68719476738	17	2	3
64424509447	17	2	3
60129542191	17	2	3
51539607604	17	2	3
45097156627	17	2	3
34359738421	17	2	3
27917287490	17	2	3
27917287442	17	2	3
10737418269	17	2	3
6442450980	17	2	2
156766306310	16	2	2
148176371717	16	2	3
126701535268	16	2	3
124554051595	16	2	3
53687091244	16	2	2
49392123910	16	2	3
45097156633	16	2	3
32212254793	16	2	3
32212254787	16	2	3
15032385542	16	2	3
195421011972	15	2	3
171798691850	15	2	3
152471339037	15	2	3
135291469825	15	2	3
98784247860	15	2	3
79456895020	15	2	3
66571993136	15	2	2
64424509494	15	2	3
49392123963	15	2	2
49392123930	15	2	3
49392123913	15	2	3
45097156677	15	2	2
32212254754	15	2	3
23622320188	15	2	3
17179869217	15	2	3
17179869212	15	2	3
4294967392	15	2	3
212600881153	0	2	0
210453397506	0	2	0
210453397505	0	2	0
208305913859	0	2	0
208305913858	0	2	0
206158430212	0	2	0
206158430210	0	2	0
206158430209	0	2	0
204010946565	0	2	0
204010946564	0	2	0
204010946561	0	2	0
201863462918	0	2	0
201863462917	0	2	0
201863462916	0	2	0
201863462915	0	2	0
201863462913	0	2	0
199715979271	0	2	0
199715979270	0	2	0
199715979269	0	2	0
199715979268	0	2	0
199715979267	0	2	0
199715979266	0	2	0
197568495623	0	2	0
197568495622	0	2	0
197568495621	0	2	0
197568495620	0	2	0
197568495619	0	2	0
197568495618	0	2	0
197568495617	0	2	0
195421011977	0	2	0
195421011976	0	2	0
195421011974	0	2	0
195421011973	0	2	0
195421011971	0	2	0
195421011970	0	2	0
195421011969	0	2	0
193273528330	0	2	0
193273528329	0	2	0
193273528328	0	2	0
193273528327	0	2	0
193273528326	0	2	0
193273528325	0	2	0
193273528324	0	2	0
193273528323	0	2	0
193273528322	0	2	0
193273528321	0	2	0
191126044683	0	2	0
191126044681	0	2	0
191126044680	0	2	0
191126044678	0	2	0
191126044676	0	2	0
191126044675	0	2	0
191126044674	0	2	0
191126044673	0	2	0
188978561035	0	2	0
188978561034	0	2	0
188978561033	0	2	0
188978561032	0	2	0
188978561031	0	2	0
188978561028	0	2	0
188978561027	0	2	0
188978561026	0	2	0
188978561025	0	2	0
186831077389	0	2	0
186831077388	0	2	0
186831077387	0	2	0
186831077386	0	2	0
186831077385	0	2	0
186831077384	0	2	0
186831077383	0	2	0
186831077382	0	2	0
186831077381	0	2	0
186831077378	0	2	0
186831077377	0	2	0
184683593742	0	2	0
184683593741	0	2	0
184683593739	0	2	0
184683593738	0	2	0
184683593736	0	2	0
184683593735	0	2	0
184683593734	0	2	0
184683593732	0	2	0
184683593731	0	2	0
184683593730	0	2	0
182536110094	0	2	0
182536110093	0	2	0
182536110092	0	2	0
182536110091	0	2	0
182536110090	0	2	0
182536110089	0	2	0
182536110088	0	2	0
182536110086	0	2	0
182536110085	0	2	0
182536110084	0	2	0
182536110083	0	2	0
182536110082	0	2	0
182536110081	0	2	0
180388626448	0	2	0
180388626447	0	2	0
180388626446	0	2	0
180388626445	0	2	0
180388626444	0	2	0
180388626443	0	2	0
180388626440	0	2	0
180388626439	0	2	0
180388626438	0	2	0
180388626437	0	2	0
180388626435	0	2	0
180388626434	0	2	0
180388626433	0	2	0
178241142801	0	2	0
178241142800	0	2	0
178241142798	0	2	0
178241142797	0	2	0
178241142795	0	2	0
178241142794	0	2	0
178241142793	0	2	0
178241142791	0	2	0
178241142790	0	2	0
178241142789	0	2	0
178241142788	0	2	0
178241142786	0	2	0
178241142785	0	2	0
176093659154	0	2	0
176093659153	0	2	0
176093659152	0	2	0
176093659151	0	2	0
176093659150	0	2	0
176093659149	0	2	0
176093659146	0	2	0
176093659145	0	2	0
176093659144	0	2	0
176093659143	0	2	0
176093659141	0	2	0
176093659140	0	2	0
176093659139	0	2	0
176093659137	0	2	0
173946175507	0	2	0
173946175506	0	2	0
173946175503	0	2	0
173946175501	0	2	0
173946175499	0	2	0
173946175497	0	2	0
173946175496	0	2	0
173946175495	0	2	0
173946175494	0	2	0
173946175492	0	2	0
173946175491	0	2	0
173946175489	0	2	0
171798691860	0	2	0
171798691859	0	2	0
171798691858	0	2	0
171798691857	0	2	0
171798691856	0	2	0
171798691855	0	2	0
171798691854	0	2	0
171798691853	0	2	0
171798691852	0	2	0
171798691851	0	2	0
171798691849	0	2	0
171798691848	0	2	0
171798691847	0	2	0
171798691846	0	2	0
171798691845	0	2	0
171798691844	0	2	0
171798691843	0	2	0
171798691842	0	2	0
171798691841	0	2	0
169651208213	0	2	0
169651208212	0	2	0
169651208211	0	2	0
169651208210	0	2	0
169651208208	0	2	0
169651208205	0	2	0
169651208204	0	2	0
169651208203	0	2	0
169651208202	0	2	0
169651208200	0	2	0
169651208199	0	2	0
169651208198	0	2	0
169651208196	0	2	0
169651208194	0	2	0
169651208193	0	2	0
167503724566	0	2	0
167503724565	0	2	0
167503724564	0	2	0
167503724563	0	2	0
167503724562	0	2	0
167503724561	0	2	0
167503724560	0	2	0
167503724559	0	2	0
167503724558	0	2	0
167503724557	0	2	0
167503724555	0	2	0
167503724554	0	2	0
167503724552	0	2	0
167503724551	0	2	0
167503724550	0	2	0
167503724549	0	2	0
167503724548	0	2	0
167503724547	0	2	0
167503724546	0	2	0
167503724545	0	2	0
165356240919	0	2	0
165356240918	0	2	0
165356240916	0	2	0
165356240915	0	2	0
165356240914	0	2	0
165356240913	0	2	0
165356240912	0	2	0
165356240911	0	2	0
165356240909	0	2	0
165356240908	0	2	0
165356240907	0	2	0
165356240904	0	2	0
165356240903	0	2	0
165356240901	0	2	0
165356240899	0	2	0
165356240898	0	2	0
165356240897	0	2	0
163208757272	0	2	0
163208757271	0	2	0
163208757270	0	2	0
163208757269	0	2	0
163208757268	0	2	0
163208757267	0	2	0
163208757266	0	2	0
163208757265	0	2	0
163208757264	0	2	0
163208757263	0	2	0
163208757261	0	2	0
163208757260	0	2	0
163208757259	0	2	0
163208757258	0	2	0
163208757257	0	2	0
163208757256	0	2	0
163208757255	0	2	0
163208757254	0	2	0
163208757253	0	2	0
163208757251	0	2	0
163208757249	0	2	0
161061273625	0	2	0
161061273623	0	2	0
161061273622	0	2	0
161061273620	0	2	0
161061273618	0	2	0
161061273617	0	2	0
161061273616	0	2	0
161061273615	0	2	0
161061273613	0	2	0
161061273612	0	2	0
161061273611	0	2	0
161061273610	0	2	0
161061273609	0	2	0
161061273608	0	2	0
161061273607	0	2	0
161061273606	0	2	0
161061273605	0	2	0
161061273604	0	2	0
161061273603	0	2	0
161061273602	0	2	0
161061273601	0	2	0
158913789977	0	2	0
158913789976	0	2	0
158913789975	0	2	0
158913789974	0	2	0
158913789973	0	2	0
158913789972	0	2	0
158913789970	0	2	0
158913789969	0	2	0
158913789968	0	2	0
158913789967	0	2	0
158913789965	0	2	0
158913789964	0	2	0
158913789961	0	2	0
158913789959	0	2	0
158913789958	0	2	0
158913789956	0	2	0
158913789955	0	2	0
158913789954	0	2	0
158913789953	0	2	0
156766306330	0	2	0
156766306329	0	2	0
156766306328	0	2	0
156766306327	0	2	0
156766306326	0	2	0
156766306322	0	2	0
156766306321	0	2	0
156766306320	0	2	0
156766306318	0	2	0
156766306317	0	2	0
156766306314	0	2	0
156766306312	0	2	0
156766306311	0	2	0
156766306309	0	2	0
156766306308	0	2	0
156766306307	0	2	0
156766306306	0	2	0
154618822683	0	2	0
154618822682	0	2	0
154618822681	0	2	0
154618822680	0	2	0
154618822679	0	2	0
154618822678	0	2	0
154618822677	0	2	0
154618822675	0	2	0
154618822674	0	2	0
154618822673	0	2	0
154618822671	0	2	0
154618822670	0	2	0
154618822667	0	2	0
154618822665	0	2	0
154618822664	0	2	0
154618822663	0	2	0
154618822662	0	2	0
154618822661	0	2	0
154618822660	0	2	0
154618822659	0	2	0
152471339036	0	2	0
152471339035	0	2	0
152471339034	0	2	0
152471339033	0	2	0
152471339032	0	2	0
152471339031	0	2	0
152471339030	0	2	0
152471339028	0	2	0
152471339026	0	2	0
152471339025	0	2	0
152471339024	0	2	0
152471339023	0	2	0
152471339021	0	2	0
152471339020	0	2	0
152471339019	0	2	0
152471339018	0	2	0
152471339016	0	2	0
152471339015	0	2	0
152471339014	0	2	0
152471339012	0	2	0
152471339011	0	2	0
152471339010	0	2	0
152471339009	0	2	0
150323855390	0	2	0
150323855388	0	2	0
150323855387	0	2	0
150323855385	0	2	0
150323855383	0	2	0
150323855382	0	2	0
150323855381	0	2	0
150323855380	0	2	0
150323855379	0	2	0
150323855378	0	2	0
150323855377	0	2	0
150323855376	0	2	0
150323855375	0	2	0
150323855374	0	2	0
150323855373	0	2	0
150323855372	0	2	0
150323855371	0	2	0
150323855370	0	2	0
150323855369	0	2	0
150323855368	0	2	0
150323855367	0	2	0
150323855366	0	2	0
150323855364	0	2	0
150323855363	0	2	0
150323855362	0	2	0
150323855361	0	2	0
148176371742	0	2	0
148176371741	0	2	0
148176371740	0	2	0
148176371739	0	2	0
148176371738	0	2	0
148176371737	0	2	0
148176371736	0	2	0
148176371734	0	2	0
148176371733	0	2	0
148176371732	0	2	0
148176371731	0	2	0
148176371730	0	2	0
148176371729	0	2	0
148176371727	0	2	0
148176371726	0	2	0
148176371725	0	2	0
148176371724	0	2	0
148176371722	0	2	0
148176371721	0	2	0
148176371720	0	2	0
148176371718	0	2	0
148176371713	0	2	0
146028888096	0	2	0
146028888095	0	2	0
146028888092	0	2	0
146028888090	0	2	0
146028888089	0	2	0
146028888088	0	2	0
146028888086	0	2	0
146028888085	0	2	0
146028888084	0	2	0
146028888083	0	2	0
146028888081	0	2	0
146028888080	0	2	0
146028888078	0	2	0
146028888076	0	2	0
146028888075	0	2	0
146028888074	0	2	0
146028888072	0	2	0
146028888071	0	2	0
146028888070	0	2	0
146028888069	0	2	0
146028888068	0	2	0
146028888067	0	2	0
146028888066	0	2	0
146028888065	0	2	0
143881404449	0	2	0
143881404447	0	2	0
143881404446	0	2	0
143881404444	0	2	0
143881404443	0	2	0
143881404442	0	2	0
143881404441	0	2	0
143881404440	0	2	0
143881404439	0	2	0
143881404437	0	2	0
143881404436	0	2	0
143881404435	0	2	0
143881404434	0	2	0
143881404433	0	2	0
143881404432	0	2	0
143881404431	0	2	0
143881404430	0	2	0
143881404429	0	2	0
143881404428	0	2	0
143881404427	0	2	0
143881404426	0	2	0
143881404425	0	2	0
143881404423	0	2	0
143881404422	0	2	0
143881404421	0	2	0
143881404420	0	2	0
143881404418	0	2	0
143881404417	0	2	0
141733920801	0	2	0
141733920800	0	2	0
141733920799	0	2	0
141733920798	0	2	0
141733920797	0	2	0
141733920794	0	2	0
141733920793	0	2	0
141733920792	0	2	0
141733920791	0	2	0
141733920789	0	2	0
141733920788	0	2	0
141733920787	0	2	0
141733920785	0	2	0
141733920783	0	2	0
141733920782	0	2	0
141733920780	0	2	0
141733920779	0	2	0
141733920778	0	2	0
141733920777	0	2	0
141733920773	0	2	0
141733920772	0	2	0
141733920771	0	2	0
141733920770	0	2	0
141733920769	0	2	0
139586437155	0	2	0
139586437154	0	2	0
139586437153	0	2	0
139586437152	0	2	0
139586437151	0	2	0
139586437150	0	2	0
139586437149	0	2	0
139586437148	0	2	0
139586437147	0	2	0
139586437146	0	2	0
139586437144	0	2	0
139586437143	0	2	0
139586437142	0	2	0
139586437141	0	2	0
139586437140	0	2	0
139586437139	0	2	0
139586437138	0	2	0
139586437137	0	2	0
139586437136	0	2	0
139586437134	0	2	0
139586437132	0	2	0
139586437130	0	2	0
139586437129	0	2	0
139586437128	0	2	0
139586437127	0	2	0
139586437125	0	2	0
139586437123	0	2	0
139586437122	0	2	0
139586437121	0	2	0
137438953508	0	2	0
137438953506	0	2	0
137438953502	0	2	0
137438953501	0	2	0
137438953500	0	2	0
137438953499	0	2	0
137438953498	0	2	0
137438953496	0	2	0
137438953495	0	2	0
137438953494	0	2	0
137438953493	0	2	0
137438953492	0	2	0
137438953491	0	2	0
137438953490	0	2	0
137438953489	0	2	0
137438953488	0	2	0
137438953487	0	2	0
137438953486	0	2	0
137438953485	0	2	0
137438953484	0	2	0
137438953482	0	2	0
137438953481	0	2	0
137438953480	0	2	0
137438953479	0	2	0
137438953478	0	2	0
137438953477	0	2	0
137438953476	0	2	0
137438953474	0	2	0
137438953473	0	2	0
135291469861	0	2	0
135291469859	0	2	0
135291469858	0	2	0
135291469856	0	2	0
135291469854	0	2	0
135291469853	0	2	0
135291469852	0	2	0
135291469851	0	2	0
135291469849	0	2	0
135291469848	0	2	0
135291469847	0	2	0
135291469846	0	2	0
135291469845	0	2	0
135291469844	0	2	0
135291469843	0	2	0
135291469842	0	2	0
135291469841	0	2	0
135291469840	0	2	0
135291469839	0	2	0
135291469838	0	2	0
135291469837	0	2	0
135291469835	0	2	0
135291469834	0	2	0
135291469833	0	2	0
135291469832	0	2	0
135291469830	0	2	0
135291469829	0	2	0
135291469827	0	2	0
135291469826	0	2	0
133143986214	0	2	0
133143986212	0	2	0
133143986211	0	2	0
133143986209	0	2	0
133143986207	0	2	0
133143986206	0	2	0
133143986205	0	2	0
133143986204	0	2	0
133143986202	0	2	0
133143986201	0	2	0
133143986200	0	2	0
133143986199	0	2	0
133143986198	0	2	0
133143986197	0	2	0
133143986196	0	2	0
133143986195	0	2	0
133143986194	0	2	0
133143986193	0	2	0
133143986192	0	2	0
133143986191	0	2	0
133143986190	0	2	0
133143986188	0	2	0
133143986187	0	2	0
133143986186	0	2	0
133143986185	0	2	0
133143986183	0	2	0
133143986182	0	2	0
133143986180	0	2	0
133143986179	0	2	0
133143986178	0	2	0
130996502567	0	2	0
130996502566	0	2	0
130996502565	0	2	0
130996502564	0	2	0
130996502563	0	2	0
130996502562	0	2	0
130996502561	0	2	0
130996502560	0	2	0
130996502559	0	2	0
130996502558	0	2	0
130996502556	0	2	0
130996502555	0	2	0
130996502553	0	2	0
130996502552	0	2	0
130996502551	0	2	0
130996502550	0	2	0
130996502549	0	2	0
130996502548	0	2	0
130996502547	0	2	0
130996502546	0	2	0
130996502544	0	2	0
130996502542	0	2	0
130996502541	0	2	0
130996502540	0	2	0
130996502539	0	2	0
130996502538	0	2	0
130996502537	0	2	0
130996502536	0	2	0
130996502535	0	2	0
130996502534	0	2	0
130996502533	0	2	0
130996502531	0	2	0
130996502530	0	2	0
130996502529	0	2	0
128849018919	0	2	0
128849018918	0	2	0
128849018917	0	2	0
128849018916	0	2	0
128849018915	0	2	0
128849018914	0	2	0
128849018911	0	2	0
128849018910	0	2	0
128849018909	0	2	0
128849018907	0	2	0
128849018906	0	2	0
128849018903	0	2	0
128849018901	0	2	0
128849018900	0	2	0
128849018898	0	2	0
128849018897	0	2	0
128849018896	0	2	0
128849018895	0	2	0
128849018891	0	2	0
128849018890	0	2	0
128849018888	0	2	0
128849018887	0	2	0
128849018885	0	2	0
128849018884	0	2	0
128849018883	0	2	0
128849018882	0	2	0
128849018881	0	2	0
126701535273	0	2	0
126701535272	0	2	0
126701535270	0	2	0
126701535269	0	2	0
126701535267	0	2	0
126701535266	0	2	0
126701535265	0	2	0
126701535263	0	2	0
126701535262	0	2	0
126701535261	0	2	0
126701535258	0	2	0
126701535257	0	2	0
126701535255	0	2	0
126701535253	0	2	0
126701535252	0	2	0
126701535251	0	2	0
126701535249	0	2	0
126701535248	0	2	0
126701535247	0	2	0
126701535246	0	2	0
126701535245	0	2	0
126701535244	0	2	0
126701535243	0	2	0
126701535242	0	2	0
126701535240	0	2	0
126701535239	0	2	0
126701535238	0	2	0
126701535237	0	2	0
126701535236	0	2	0
126701535235	0	2	0
126701535234	0	2	0
126701535233	0	2	0
124554051626	0	2	0
124554051625	0	2	0
124554051624	0	2	0
124554051623	0	2	0
124554051622	0	2	0
124554051621	0	2	0
124554051620	0	2	0
124554051619	0	2	0
124554051618	0	2	0
124554051617	0	2	0
124554051615	0	2	0
124554051614	0	2	0
124554051613	0	2	0
124554051612	0	2	0
124554051611	0	2	0
124554051610	0	2	0
124554051609	0	2	0
124554051608	0	2	0
124554051607	0	2	0
124554051605	0	2	0
124554051603	0	2	0
124554051601	0	2	0
124554051600	0	2	0
124554051599	0	2	0
124554051598	0	2	0
124554051596	0	2	0
124554051594	0	2	0
124554051593	0	2	0
124554051592	0	2	0
124554051590	0	2	0
124554051589	0	2	0
124554051588	0	2	0
124554051586	0	2	0
124554051585	0	2	0
122406567979	0	2	0
122406567978	0	2	0
122406567977	0	2	0
122406567976	0	2	0
122406567975	0	2	0
122406567974	0	2	0
122406567973	0	2	0
122406567972	0	2	0
122406567971	0	2	0
122406567970	0	2	0
122406567968	0	2	0
122406567967	0	2	0
122406567966	0	2	0
122406567965	0	2	0
122406567964	0	2	0
122406567963	0	2	0
122406567962	0	2	0
122406567961	0	2	0
122406567960	0	2	0
122406567958	0	2	0
122406567956	0	2	0
122406567954	0	2	0
122406567953	0	2	0
122406567952	0	2	0
122406567951	0	2	0
122406567949	0	2	0
122406567947	0	2	0
122406567946	0	2	0
122406567945	0	2	0
122406567943	0	2	0
122406567942	0	2	0
122406567941	0	2	0
122406567939	0	2	0
122406567938	0	2	0
120259084332	0	2	0
120259084330	0	2	0
120259084329	0	2	0
120259084327	0	2	0
120259084325	0	2	0
120259084324	0	2	0
120259084323	0	2	0
120259084322	0	2	0
120259084320	0	2	0
120259084319	0	2	0
120259084318	0	2	0
120259084317	0	2	0
120259084316	0	2	0
120259084315	0	2	0
120259084314	0	2	0
120259084313	0	2	0
120259084312	0	2	0
120259084311	0	2	0
120259084310	0	2	0
120259084309	0	2	0
120259084308	0	2	0
120259084306	0	2	0
120259084305	0	2	0
120259084304	0	2	0
120259084303	0	2	0
120259084301	0	2	0
120259084300	0	2	0
120259084298	0	2	0
120259084297	0	2	0
120259084296	0	2	0
120259084293	0	2	0
120259084292	0	2	0
120259084291	0	2	0
120259084290	0	2	0
120259084289	0	2	0
118111600684	0	2	0
118111600683	0	2	0
118111600682	0	2	0
118111600681	0	2	0
118111600680	0	2	0
118111600677	0	2	0
118111600676	0	2	0
118111600675	0	2	0
118111600674	0	2	0
118111600672	0	2	0
118111600671	0	2	0
118111600670	0	2	0
118111600668	0	2	0
118111600666	0	2	0
118111600665	0	2	0
118111600663	0	2	0
118111600662	0	2	0
118111600661	0	2	0
118111600660	0	2	0
118111600656	0	2	0
118111600655	0	2	0
118111600654	0	2	0
118111600653	0	2	0
118111600652	0	2	0
118111600650	0	2	0
118111600649	0	2	0
118111600648	0	2	0
118111600647	0	2	0
118111600646	0	2	0
118111600644	0	2	0
118111600643	0	2	0
118111600642	0	2	0
118111600641	0	2	0
115964117038	0	2	0
115964117037	0	2	0
115964117036	0	2	0
115964117035	0	2	0
115964117034	0	2	0
115964117033	0	2	0
115964117030	0	2	0
115964117029	0	2	0
115964117028	0	2	0
115964117027	0	2	0
115964117025	0	2	0
115964117024	0	2	0
115964117023	0	2	0
115964117021	0	2	0
115964117019	0	2	0
115964117018	0	2	0
115964117016	0	2	0
115964117015	0	2	0
115964117014	0	2	0
115964117013	0	2	0
115964117009	0	2	0
115964117008	0	2	0
115964117007	0	2	0
115964117006	0	2	0
115964117005	0	2	0
115964117003	0	2	0
115964117002	0	2	0
115964117001	0	2	0
115964117000	0	2	0
115964116999	0	2	0
115964116997	0	2	0
115964116996	0	2	0
115964116995	0	2	0
115964116994	0	2	0
113816633390	0	2	0
113816633389	0	2	0
113816633388	0	2	0
113816633387	0	2	0
113816633386	0	2	0
113816633385	0	2	0
113816633383	0	2	0
113816633382	0	2	0
113816633381	0	2	0
113816633380	0	2	0
113816633378	0	2	0
113816633377	0	2	0
113816633374	0	2	0
113816633372	0	2	0
113816633371	0	2	0
113816633369	0	2	0
113816633368	0	2	0
113816633367	0	2	0
113816633366	0	2	0
113816633362	0	2	0
113816633361	0	2	0
113816633359	0	2	0
113816633358	0	2	0
113816633356	0	2	0
113816633355	0	2	0
113816633354	0	2	0
113816633353	0	2	0
113816633352	0	2	0
113816633350	0	2	0
113816633349	0	2	0
113816633348	0	2	0
113816633347	0	2	0
111669149744	0	2	0
111669149743	0	2	0
111669149740	0	2	0
111669149738	0	2	0
111669149737	0	2	0
111669149736	0	2	0
111669149735	0	2	0
111669149734	0	2	0
111669149733	0	2	0
111669149732	0	2	0
111669149731	0	2	0
111669149730	0	2	0
111669149729	0	2	0
111669149728	0	2	0
111669149727	0	2	0
111669149726	0	2	0
111669149724	0	2	0
111669149723	0	2	0
111669149722	0	2	0
111669149721	0	2	0
111669149720	0	2	0
111669149719	0	2	0
111669149718	0	2	0
111669149717	0	2	0
111669149716	0	2	0
111669149715	0	2	0
111669149714	0	2	0
111669149713	0	2	0
111669149711	0	2	0
111669149710	0	2	0
111669149709	0	2	0
111669149707	0	2	0
111669149706	0	2	0
111669149705	0	2	0
111669149704	0	2	0
111669149703	0	2	0
111669149702	0	2	0
111669149701	0	2	0
111669149700	0	2	0
111669149699	0	2	0
111669149698	0	2	0
111669149697	0	2	0
109521666096	0	2	0
109521666095	0	2	0
109521666094	0	2	0
109521666093	0	2	0
109521666092	0	2	0
109521666091	0	2	0
109521666088	0	2	0
109521666087	0	2	0
109521666086	0	2	0
109521666084	0	2	0
109521666083	0	2	0
109521666080	0	2	0
109521666078	0	2	0
109521666077	0	2	0
109521666075	0	2	0
109521666074	0	2	0
109521666073	0	2	0
109521666072	0	2	0
109521666068	0	2	0
109521666067	0	2	0
109521666065	0	2	0
109521666064	0	2	0
109521666062	0	2	0
109521666061	0	2	0
109521666060	0	2	0
109521666059	0	2	0
109521666058	0	2	0
109521666056	0	2	0
109521666055	0	2	0
109521666054	0	2	0
109521666053	0	2	0
109521666049	0	2	0
107374182450	0	2	0
107374182448	0	2	0
107374182447	0	2	0
107374182445	0	2	0
107374182443	0	2	0
107374182442	0	2	0
107374182441	0	2	0
107374182440	0	2	0
107374182438	0	2	0
107374182437	0	2	0
107374182436	0	2	0
107374182435	0	2	0
107374182434	0	2	0
107374182433	0	2	0
107374182432	0	2	0
107374182431	0	2	0
107374182430	0	2	0
107374182429	0	2	0
107374182428	0	2	0
107374182427	0	2	0
107374182426	0	2	0
107374182424	0	2	0
107374182423	0	2	0
107374182422	0	2	0
107374182421	0	2	0
107374182419	0	2	0
107374182418	0	2	0
107374182416	0	2	0
107374182415	0	2	0
107374182414	0	2	0
107374182411	0	2	0
107374182410	0	2	0
107374182409	0	2	0
107374182408	0	2	0
107374182407	0	2	0
107374182405	0	2	0
107374182404	0	2	0
107374182403	0	2	0
107374182402	0	2	0
107374182401	0	2	0
105226698803	0	2	0
105226698802	0	2	0
105226698801	0	2	0
105226698800	0	2	0
105226698799	0	2	0
105226698798	0	2	0
105226698795	0	2	0
105226698794	0	2	0
105226698793	0	2	0
105226698792	0	2	0
105226698790	0	2	0
105226698789	0	2	0
105226698788	0	2	0
105226698786	0	2	0
105226698784	0	2	0
105226698783	0	2	0
105226698781	0	2	0
105226698780	0	2	0
105226698779	0	2	0
105226698778	0	2	0
105226698774	0	2	0
105226698773	0	2	0
105226698772	0	2	0
105226698771	0	2	0
105226698770	0	2	0
105226698768	0	2	0
105226698767	0	2	0
105226698766	0	2	0
105226698765	0	2	0
105226698764	0	2	0
105226698762	0	2	0
105226698761	0	2	0
105226698760	0	2	0
105226698759	0	2	0
105226698755	0	2	0
105226698753	0	2	0
103079215156	0	2	0
103079215155	0	2	0
103079215154	0	2	0
103079215153	0	2	0
103079215152	0	2	0
103079215151	0	2	0
103079215150	0	2	0
103079215149	0	2	0
103079215148	0	2	0
103079215147	0	2	0
103079215146	0	2	0
103079215145	0	2	0
103079215144	0	2	0
103079215143	0	2	0
103079215142	0	2	0
103079215141	0	2	0
103079215140	0	2	0
103079215139	0	2	0
103079215138	0	2	0
103079215137	0	2	0
103079215135	0	2	0
103079215134	0	2	0
103079215133	0	2	0
103079215131	0	2	0
103079215130	0	2	0
103079215129	0	2	0
103079215128	0	2	0
103079215126	0	2	0
103079215124	0	2	0
103079215123	0	2	0
103079215122	0	2	0
103079215120	0	2	0
103079215119	0	2	0
103079215118	0	2	0
103079215117	0	2	0
103079215116	0	2	0
103079215115	0	2	0
103079215112	0	2	0
103079215111	0	2	0
103079215110	0	2	0
103079215109	0	2	0
103079215108	0	2	0
103079215107	0	2	0
103079215106	0	2	0
103079215105	0	2	0
100931731509	0	2	0
100931731508	0	2	0
100931731507	0	2	0
100931731506	0	2	0
100931731504	0	2	0
100931731501	0	2	0
100931731500	0	2	0
100931731499	0	2	0
100931731496	0	2	0
100931731495	0	2	0
100931731494	0	2	0
100931731492	0	2	0
100931731490	0	2	0
100931731489	0	2	0
100931731487	0	2	0
100931731486	0	2	0
100931731485	0	2	0
100931731483	0	2	0
100931731482	0	2	0
100931731481	0	2	0
100931731480	0	2	0
100931731478	0	2	0
100931731477	0	2	0
100931731474	0	2	0
100931731470	0	2	0
100931731469	0	2	0
100931731468	0	2	0
100931731467	0	2	0
100931731466	0	2	0
100931731462	0	2	0
100931731461	0	2	0
100931731460	0	2	0
100931731457	0	2	0
98784247861	0	2	0
98784247859	0	2	0
98784247858	0	2	0
98784247857	0	2	0
98784247853	0	2	0
98784247852	0	2	0
98784247851	0	2	0
98784247849	0	2	0
98784247848	0	2	0
98784247845	0	2	0
98784247843	0	2	0
98784247842	0	2	0
98784247840	0	2	0
98784247839	0	2	0
98784247838	0	2	0
98784247837	0	2	0
98784247833	0	2	0
98784247832	0	2	0
98784247830	0	2	0
98784247829	0	2	0
98784247827	0	2	0
98784247826	0	2	0
98784247825	0	2	0
98784247824	0	2	0
98784247823	0	2	0
98784247821	0	2	0
98784247820	0	2	0
98784247819	0	2	0
98784247818	0	2	0
98784247814	0	2	0
98784247812	0	2	0
98784247810	0	2	0
96636764215	0	2	0
96636764214	0	2	0
96636764212	0	2	0
96636764211	0	2	0
96636764209	0	2	0
96636764208	0	2	0
96636764207	0	2	0
96636764205	0	2	0
96636764204	0	2	0
96636764203	0	2	0
96636764202	0	2	0
96636764200	0	2	0
96636764199	0	2	0
96636764197	0	2	0
96636764195	0	2	0
96636764194	0	2	0
96636764193	0	2	0
96636764191	0	2	0
96636764190	0	2	0
96636764189	0	2	0
96636764188	0	2	0
96636764187	0	2	0
96636764186	0	2	0
96636764185	0	2	0
96636764184	0	2	0
96636764182	0	2	0
96636764181	0	2	0
96636764180	0	2	0
96636764179	0	2	0
96636764178	0	2	0
96636764177	0	2	0
96636764176	0	2	0
96636764175	0	2	0
96636764173	0	2	0
96636764172	0	2	0
96636764171	0	2	0
96636764170	0	2	0
96636764169	0	2	0
96636764168	0	2	0
96636764167	0	2	0
96636764166	0	2	0
96636764165	0	2	0
96636764164	0	2	0
96636764163	0	2	0
96636764162	0	2	0
96636764161	0	2	0
94489280568	0	2	0
94489280566	0	2	0
94489280565	0	2	0
94489280563	0	2	0
94489280562	0	2	0
94489280561	0	2	0
94489280560	0	2	0
94489280559	0	2	0
94489280558	0	2	0
94489280556	0	2	0
94489280555	0	2	0
94489280554	0	2	0
94489280553	0	2	0
94489280552	0	2	0
94489280551	0	2	0
94489280550	0	2	0
94489280549	0	2	0
94489280548	0	2	0
94489280547	0	2	0
94489280546	0	2	0
94489280545	0	2	0
94489280544	0	2	0
94489280542	0	2	0
94489280541	0	2	0
94489280540	0	2	0
94489280539	0	2	0
94489280537	0	2	0
94489280536	0	2	0
94489280534	0	2	0
94489280533	0	2	0
94489280529	0	2	0
94489280528	0	2	0
94489280527	0	2	0
94489280526	0	2	0
94489280525	0	2	0
94489280523	0	2	0
94489280522	0	2	0
94489280521	0	2	0
94489280520	0	2	0
94489280519	0	2	0
94489280517	0	2	0
94489280516	0	2	0
94489280514	0	2	0
94489280513	0	2	0
92341796920	0	2	0
92341796919	0	2	0
92341796918	0	2	0
92341796917	0	2	0
92341796916	0	2	0
92341796912	0	2	0
92341796911	0	2	0
92341796910	0	2	0
92341796908	0	2	0
92341796907	0	2	0
92341796904	0	2	0
92341796902	0	2	0
92341796901	0	2	0
92341796899	0	2	0
92341796898	0	2	0
92341796897	0	2	0
92341796896	0	2	0
92341796892	0	2	0
92341796891	0	2	0
92341796889	0	2	0
92341796888	0	2	0
92341796886	0	2	0
92341796885	0	2	0
92341796884	0	2	0
92341796883	0	2	0
92341796882	0	2	0
92341796880	0	2	0
92341796879	0	2	0
92341796878	0	2	0
92341796877	0	2	0
92341796873	0	2	0
92341796871	0	2	0
92341796869	0	2	0
92341796866	0	2	0
92341796865	0	2	0
90194313274	0	2	0
90194313272	0	2	0
90194313271	0	2	0
90194313269	0	2	0
90194313267	0	2	0
90194313266	0	2	0
90194313265	0	2	0
90194313264	0	2	0
90194313262	0	2	0
90194313261	0	2	0
90194313260	0	2	0
90194313259	0	2	0
90194313258	0	2	0
90194313257	0	2	0
90194313256	0	2	0
90194313255	0	2	0
90194313254	0	2	0
90194313253	0	2	0
90194313252	0	2	0
90194313251	0	2	0
90194313250	0	2	0
90194313248	0	2	0
90194313247	0	2	0
90194313246	0	2	0
90194313245	0	2	0
90194313243	0	2	0
90194313242	0	2	0
90194313240	0	2	0
90194313239	0	2	0
90194313238	0	2	0
90194313235	0	2	0
90194313234	0	2	0
90194313233	0	2	0
90194313232	0	2	0
90194313231	0	2	0
90194313229	0	2	0
90194313228	0	2	0
90194313227	0	2	0
90194313226	0	2	0
90194313225	0	2	0
90194313223	0	2	0
90194313222	0	2	0
90194313220	0	2	0
90194313219	0	2	0
90194313217	0	2	0
88046829627	0	2	0
88046829626	0	2	0
88046829624	0	2	0
88046829623	0	2	0
88046829622	0	2	0
88046829621	0	2	0
88046829620	0	2	0
88046829619	0	2	0
88046829617	0	2	0
88046829616	0	2	0
88046829615	0	2	0
88046829612	0	2	0
88046829611	0	2	0
88046829609	0	2	0
88046829608	0	2	0
88046829607	0	2	0
88046829606	0	2	0
88046829603	0	2	0
88046829602	0	2	0
88046829601	0	2	0
88046829600	0	2	0
88046829599	0	2	0
88046829598	0	2	0
88046829597	0	2	0
88046829596	0	2	0
88046829595	0	2	0
88046829594	0	2	0
88046829593	0	2	0
88046829592	0	2	0
88046829591	0	2	0
88046829590	0	2	0
88046829589	0	2	0
88046829588	0	2	0
88046829587	0	2	0
88046829585	0	2	0
88046829584	0	2	0
88046829583	0	2	0
88046829582	0	2	0
88046829581	0	2	0
88046829580	0	2	0
88046829579	0	2	0
88046829578	0	2	0
88046829577	0	2	0
88046829576	0	2	0
88046829575	0	2	0
88046829574	0	2	0
88046829573	0	2	0
88046829571	0	2	0
88046829570	0	2	0
88046829569	0	2	0
85899345979	0	2	0
85899345978	0	2	0
85899345977	0	2	0
85899345976	0	2	0
85899345975	0	2	0
85899345974	0	2	0
85899345971	0	2	0
85899345970	0	2	0
85899345969	0	2	0
85899345967	0	2	0
85899345966	0	2	0
85899345963	0	2	0
85899345961	0	2	0
85899345960	0	2	0
85899345958	0	2	0
85899345957	0	2	0
85899345956	0	2	0
85899345955	0	2	0
85899345951	0	2	0
85899345950	0	2	0
85899345948	0	2	0
85899345947	0	2	0
85899345945	0	2	0
85899345944	0	2	0
85899345943	0	2	0
85899345942	0	2	0
85899345941	0	2	0
85899345939	0	2	0
85899345938	0	2	0
85899345937	0	2	0
85899345936	0	2	0
85899345932	0	2	0
85899345930	0	2	0
85899345928	0	2	0
85899345927	0	2	0
85899345925	0	2	0
85899345924	0	2	0
85899345922	0	2	0
85899345921	0	2	0
83751862333	0	2	0
83751862332	0	2	0
83751862331	0	2	0
83751862330	0	2	0
83751862328	0	2	0
83751862325	0	2	0
83751862324	0	2	0
83751862323	0	2	0
83751862322	0	2	0
83751862320	0	2	0
83751862319	0	2	0
83751862318	0	2	0
83751862316	0	2	0
83751862314	0	2	0
83751862313	0	2	0
83751862311	0	2	0
83751862310	0	2	0
83751862309	0	2	0
83751862307	0	2	0
83751862305	0	2	0
83751862304	0	2	0
83751862303	0	2	0
83751862302	0	2	0
83751862301	0	2	0
83751862300	0	2	0
83751862298	0	2	0
83751862297	0	2	0
83751862296	0	2	0
83751862294	0	2	0
83751862292	0	2	0
83751862291	0	2	0
83751862290	0	2	0
83751862289	0	2	0
83751862286	0	2	0
83751862285	0	2	0
83751862283	0	2	0
83751862281	0	2	0
83751862278	0	2	0
83751862277	0	2	0
83751862275	0	2	0
83751862274	0	2	0
83751862273	0	2	0
81604378686	0	2	0
81604378684	0	2	0
81604378683	0	2	0
81604378681	0	2	0
81604378679	0	2	0
81604378678	0	2	0
81604378677	0	2	0
81604378676	0	2	0
81604378674	0	2	0
81604378673	0	2	0
81604378672	0	2	0
81604378671	0	2	0
81604378670	0	2	0
81604378669	0	2	0
81604378668	0	2	0
81604378667	0	2	0
81604378666	0	2	0
81604378665	0	2	0
81604378664	0	2	0
81604378663	0	2	0
81604378662	0	2	0
81604378660	0	2	0
81604378659	0	2	0
81604378658	0	2	0
81604378657	0	2	0
81604378655	0	2	0
81604378654	0	2	0
81604378652	0	2	0
81604378651	0	2	0
81604378647	0	2	0
81604378646	0	2	0
81604378645	0	2	0
81604378644	0	2	0
81604378643	0	2	0
81604378641	0	2	0
81604378640	0	2	0
81604378639	0	2	0
81604378638	0	2	0
81604378637	0	2	0
81604378635	0	2	0
81604378634	0	2	0
81604378632	0	2	0
81604378631	0	2	0
81604378629	0	2	0
81604378627	0	2	0
81604378626	0	2	0
81604378625	0	2	0
79456895039	0	2	0
79456895038	0	2	0
79456895037	0	2	0
79456895036	0	2	0
79456895035	0	2	0
79456895034	0	2	0
79456895031	0	2	0
79456895030	0	2	0
79456895029	0	2	0
79456895028	0	2	0
79456895026	0	2	0
79456895025	0	2	0
79456895024	0	2	0
79456895022	0	2	0
79456895019	0	2	0
79456895017	0	2	0
79456895016	0	2	0
79456895015	0	2	0
79456895014	0	2	0
79456895010	0	2	0
79456895009	0	2	0
79456895008	0	2	0
79456895007	0	2	0
79456895006	0	2	0
79456895004	0	2	0
79456895003	0	2	0
79456895002	0	2	0
79456895001	0	2	0
79456895000	0	2	0
79456894998	0	2	0
79456894997	0	2	0
79456894996	0	2	0
79456894995	0	2	0
79456894991	0	2	0
79456894989	0	2	0
79456894987	0	2	0
79456894984	0	2	0
79456894983	0	2	0
79456894981	0	2	0
79456894980	0	2	0
79456894977	0	2	0
77309411392	0	2	0
77309411391	0	2	0
77309411389	0	2	0
77309411388	0	2	0
77309411387	0	2	0
77309411386	0	2	0
77309411385	0	2	0
77309411384	0	2	0
77309411382	0	2	0
77309411381	0	2	0
77309411380	0	2	0
77309411377	0	2	0
77309411376	0	2	0
77309411374	0	2	0
77309411372	0	2	0
77309411371	0	2	0
77309411368	0	2	0
77309411367	0	2	0
77309411366	0	2	0
77309411365	0	2	0
77309411364	0	2	0
77309411363	0	2	0
77309411362	0	2	0
77309411361	0	2	0
77309411359	0	2	0
77309411358	0	2	0
77309411357	0	2	0
77309411356	0	2	0
77309411355	0	2	0
77309411354	0	2	0
77309411353	0	2	0
77309411352	0	2	0
77309411350	0	2	0
77309411349	0	2	0
77309411348	0	2	0
77309411347	0	2	0
77309411346	0	2	0
77309411345	0	2	0
77309411344	0	2	0
77309411343	0	2	0
77309411342	0	2	0
77309411341	0	2	0
77309411340	0	2	0
77309411339	0	2	0
77309411338	0	2	0
77309411336	0	2	0
77309411335	0	2	0
77309411334	0	2	0
77309411332	0	2	0
77309411331	0	2	0
77309411330	0	2	0
77309411329	0	2	0
75161927745	0	2	0
75161927743	0	2	0
75161927742	0	2	0
75161927740	0	2	0
75161927738	0	2	0
75161927737	0	2	0
75161927736	0	2	0
75161927735	0	2	0
75161927733	0	2	0
75161927732	0	2	0
75161927731	0	2	0
75161927730	0	2	0
75161927729	0	2	0
75161927728	0	2	0
75161927727	0	2	0
75161927726	0	2	0
75161927725	0	2	0
75161927724	0	2	0
75161927723	0	2	0
75161927722	0	2	0
75161927721	0	2	0
75161927719	0	2	0
75161927718	0	2	0
75161927717	0	2	0
75161927716	0	2	0
75161927714	0	2	0
75161927713	0	2	0
75161927711	0	2	0
75161927710	0	2	0
75161927706	0	2	0
75161927705	0	2	0
75161927704	0	2	0
75161927703	0	2	0
75161927702	0	2	0
75161927700	0	2	0
75161927699	0	2	0
75161927698	0	2	0
75161927697	0	2	0
75161927696	0	2	0
75161927694	0	2	0
75161927693	0	2	0
75161927691	0	2	0
75161927690	0	2	0
75161927688	0	2	0
75161927686	0	2	0
75161927685	0	2	0
75161927684	0	2	0
75161927682	0	2	0
75161927681	0	2	0
73014444098	0	2	0
73014444097	0	2	0
73014444096	0	2	0
73014444095	0	2	0
73014444094	0	2	0
73014444093	0	2	0
73014444092	0	2	0
73014444091	0	2	0
73014444090	0	2	0
73014444089	0	2	0
73014444087	0	2	0
73014444086	0	2	0
73014444084	0	2	0
73014444083	0	2	0
73014444082	0	2	0
73014444081	0	2	0
73014444080	0	2	0
73014444079	0	2	0
73014444077	0	2	0
73014444075	0	2	0
73014444073	0	2	0
73014444072	0	2	0
73014444071	0	2	0
73014444070	0	2	0
73014444068	0	2	0
73014444067	0	2	0
73014444066	0	2	0
73014444065	0	2	0
73014444064	0	2	0
73014444062	0	2	0
73014444061	0	2	0
73014444060	0	2	0
73014444058	0	2	0
73014444057	0	2	0
73014444054	0	2	0
73014444053	0	2	0
73014444052	0	2	0
73014444051	0	2	0
73014444050	0	2	0
73014444049	0	2	0
73014444048	0	2	0
73014444047	0	2	0
73014444045	0	2	0
73014444044	0	2	0
73014444043	0	2	0
73014444042	0	2	0
73014444041	0	2	0
73014444040	0	2	0
73014444039	0	2	0
73014444038	0	2	0
73014444037	0	2	0
73014444036	0	2	0
73014444035	0	2	0
73014444034	0	2	0
73014444033	0	2	0
70866960451	0	2	0
70866960450	0	2	0
70866960449	0	2	0
70866960448	0	2	0
70866960447	0	2	0
70866960446	0	2	0
70866960445	0	2	0
70866960444	0	2	0
70866960442	0	2	0
70866960440	0	2	0
70866960439	0	2	0
70866960438	0	2	0
70866960437	0	2	0
70866960435	0	2	0
70866960434	0	2	0
70866960433	0	2	0
70866960432	0	2	0
70866960430	0	2	0
70866960429	0	2	0
70866960428	0	2	0
70866960426	0	2	0
70866960425	0	2	0
70866960424	0	2	0
70866960423	0	2	0
70866960421	0	2	0
70866960419	0	2	0
70866960418	0	2	0
70866960417	0	2	0
70866960415	0	2	0
70866960414	0	2	0
70866960413	0	2	0
70866960412	0	2	0
70866960411	0	2	0
70866960410	0	2	0
70866960407	0	2	0
70866960406	0	2	0
70866960405	0	2	0
70866960404	0	2	0
70866960403	0	2	0
70866960402	0	2	0
70866960401	0	2	0
70866960400	0	2	0
70866960398	0	2	0
70866960397	0	2	0
70866960396	0	2	0
70866960395	0	2	0
70866960394	0	2	0
70866960393	0	2	0
70866960392	0	2	0
70866960391	0	2	0
70866960390	0	2	0
70866960389	0	2	0
70866960388	0	2	0
70866960387	0	2	0
70866960386	0	2	0
68719476803	0	2	0
68719476802	0	2	0
68719476801	0	2	0
68719476800	0	2	0
68719476799	0	2	0
68719476798	0	2	0
68719476797	0	2	0
68719476795	0	2	0
68719476793	0	2	0
68719476792	0	2	0
68719476791	0	2	0
68719476790	0	2	0
68719476788	0	2	0
68719476787	0	2	0
68719476786	0	2	0
68719476785	0	2	0
68719476783	0	2	0
68719476782	0	2	0
68719476781	0	2	0
68719476779	0	2	0
68719476778	0	2	0
68719476777	0	2	0
68719476776	0	2	0
68719476774	0	2	0
68719476772	0	2	0
68719476771	0	2	0
68719476770	0	2	0
68719476768	0	2	0
68719476767	0	2	0
68719476766	0	2	0
68719476765	0	2	0
68719476764	0	2	0
68719476763	0	2	0
68719476760	0	2	0
68719476759	0	2	0
68719476758	0	2	0
68719476757	0	2	0
68719476756	0	2	0
68719476755	0	2	0
68719476754	0	2	0
68719476753	0	2	0
68719476751	0	2	0
68719476750	0	2	0
68719476749	0	2	0
68719476748	0	2	0
68719476747	0	2	0
68719476746	0	2	0
68719476745	0	2	0
68719476744	0	2	0
68719476743	0	2	0
68719476742	0	2	0
68719476741	0	2	0
68719476740	0	2	0
68719476739	0	2	0
66571993157	0	2	0
66571993156	0	2	0
66571993154	0	2	0
66571993153	0	2	0
66571993152	0	2	0
66571993151	0	2	0
66571993150	0	2	0
66571993149	0	2	0
66571993147	0	2	0
66571993146	0	2	0
66571993145	0	2	0
66571993142	0	2	0
66571993141	0	2	0
66571993139	0	2	0
66571993137	0	2	0
66571993133	0	2	0
66571993132	0	2	0
66571993131	0	2	0
66571993130	0	2	0
66571993129	0	2	0
66571993128	0	2	0
66571993127	0	2	0
66571993126	0	2	0
66571993124	0	2	0
66571993123	0	2	0
66571993122	0	2	0
66571993121	0	2	0
66571993120	0	2	0
66571993119	0	2	0
66571993118	0	2	0
66571993117	0	2	0
66571993115	0	2	0
66571993114	0	2	0
66571993113	0	2	0
66571993112	0	2	0
66571993111	0	2	0
66571993110	0	2	0
66571993109	0	2	0
66571993108	0	2	0
66571993107	0	2	0
66571993106	0	2	0
66571993105	0	2	0
66571993104	0	2	0
66571993103	0	2	0
66571993101	0	2	0
66571993100	0	2	0
66571993099	0	2	0
66571993097	0	2	0
66571993096	0	2	0
66571993095	0	2	0
66571993094	0	2	0
66571993092	0	2	0
66571993091	0	2	0
66571993090	0	2	0
66571993089	0	2	0
64424509509	0	2	0
64424509508	0	2	0
64424509507	0	2	0
64424509506	0	2	0
64424509505	0	2	0
64424509504	0	2	0
64424509503	0	2	0
64424509501	0	2	0
64424509500	0	2	0
64424509499	0	2	0
64424509497	0	2	0
64424509496	0	2	0
64424509493	0	2	0
64424509492	0	2	0
64424509491	0	2	0
64424509490	0	2	0
64424509489	0	2	0
64424509488	0	2	0
64424509487	0	2	0
64424509486	0	2	0
64424509485	0	2	0
64424509481	0	2	0
64424509480	0	2	0
64424509478	0	2	0
64424509477	0	2	0
64424509475	0	2	0
64424509474	0	2	0
64424509473	0	2	0
64424509472	0	2	0
64424509471	0	2	0
64424509469	0	2	0
64424509468	0	2	0
64424509467	0	2	0
64424509466	0	2	0
64424509462	0	2	0
64424509460	0	2	0
64424509459	0	2	0
64424509458	0	2	0
64424509457	0	2	0
64424509455	0	2	0
64424509454	0	2	0
64424509452	0	2	0
64424509451	0	2	0
64424509449	0	2	0
64424509448	0	2	0
64424509446	0	2	0
64424509445	0	2	0
64424509444	0	2	0
64424509443	0	2	0
64424509441	0	2	0
62277025863	0	2	0
62277025862	0	2	0
62277025861	0	2	0
62277025860	0	2	0
62277025859	0	2	0
62277025858	0	2	0
62277025855	0	2	0
62277025854	0	2	0
62277025853	0	2	0
62277025852	0	2	0
62277025850	0	2	0
62277025849	0	2	0
62277025848	0	2	0
62277025846	0	2	0
62277025844	0	2	0
62277025843	0	2	0
62277025841	0	2	0
62277025840	0	2	0
62277025839	0	2	0
62277025838	0	2	0
62277025834	0	2	0
62277025833	0	2	0
62277025832	0	2	0
62277025831	0	2	0
62277025830	0	2	0
62277025828	0	2	0
62277025827	0	2	0
62277025826	0	2	0
62277025825	0	2	0
62277025824	0	2	0
62277025822	0	2	0
62277025821	0	2	0
62277025820	0	2	0
62277025819	0	2	0
62277025815	0	2	0
62277025813	0	2	0
62277025811	0	2	0
62277025808	0	2	0
62277025807	0	2	0
62277025805	0	2	0
62277025804	0	2	0
62277025801	0	2	0
62277025799	0	2	0
62277025798	0	2	0
62277025797	0	2	0
62277025796	0	2	0
62277025795	0	2	0
62277025794	0	2	0
62277025793	0	2	0
60129542216	0	2	0
60129542214	0	2	0
60129542213	0	2	0
60129542212	0	2	0
60129542211	0	2	0
60129542210	0	2	0
60129542209	0	2	0
60129542208	0	2	0
60129542207	0	2	0
60129542206	0	2	0
60129542204	0	2	0
60129542203	0	2	0
60129542202	0	2	0
60129542201	0	2	0
60129542200	0	2	0
60129542199	0	2	0
60129542198	0	2	0
60129542197	0	2	0
60129542196	0	2	0
60129542195	0	2	0
60129542194	0	2	0
60129542193	0	2	0
60129542192	0	2	0
60129542190	0	2	0
60129542189	0	2	0
60129542188	0	2	0
60129542187	0	2	0
60129542185	0	2	0
60129542184	0	2	0
60129542182	0	2	0
60129542181	0	2	0
60129542177	0	2	0
60129542176	0	2	0
60129542175	0	2	0
60129542174	0	2	0
60129542173	0	2	0
60129542171	0	2	0
60129542170	0	2	0
60129542169	0	2	0
60129542168	0	2	0
60129542167	0	2	0
60129542165	0	2	0
60129542164	0	2	0
60129542163	0	2	0
60129542162	0	2	0
60129542161	0	2	0
60129542159	0	2	0
60129542157	0	2	0
60129542156	0	2	0
60129542155	0	2	0
60129542153	0	2	0
60129542152	0	2	0
60129542150	0	2	0
60129542149	0	2	0
60129542148	0	2	0
60129542147	0	2	0
60129542146	0	2	0
60129542145	0	2	0
57982058569	0	2	0
57982058567	0	2	0
57982058566	0	2	0
57982058564	0	2	0
57982058562	0	2	0
57982058561	0	2	0
57982058560	0	2	0
57982058559	0	2	0
57982058557	0	2	0
57982058556	0	2	0
57982058555	0	2	0
57982058554	0	2	0
57982058553	0	2	0
57982058552	0	2	0
57982058551	0	2	0
57982058550	0	2	0
57982058549	0	2	0
57982058548	0	2	0
57982058547	0	2	0
57982058546	0	2	0
57982058545	0	2	0
57982058543	0	2	0
57982058542	0	2	0
57982058541	0	2	0
57982058540	0	2	0
57982058538	0	2	0
57982058537	0	2	0
57982058535	0	2	0
57982058534	0	2	0
57982058533	0	2	0
57982058530	0	2	0
57982058529	0	2	0
57982058528	0	2	0
57982058527	0	2	0
57982058526	0	2	0
57982058524	0	2	0
57982058523	0	2	0
57982058522	0	2	0
57982058521	0	2	0
57982058520	0	2	0
57982058518	0	2	0
57982058517	0	2	0
57982058515	0	2	0
57982058514	0	2	0
57982058512	0	2	0
57982058510	0	2	0
57982058509	0	2	0
57982058508	0	2	0
57982058506	0	2	0
57982058505	0	2	0
57982058503	0	2	0
57982058502	0	2	0
57982058501	0	2	0
57982058500	0	2	0
57982058499	0	2	0
57982058498	0	2	0
55834574922	0	2	0
55834574920	0	2	0
55834574919	0	2	0
55834574917	0	2	0
55834574915	0	2	0
55834574914	0	2	0
55834574913	0	2	0
55834574912	0	2	0
55834574910	0	2	0
55834574909	0	2	0
55834574908	0	2	0
55834574907	0	2	0
55834574906	0	2	0
55834574905	0	2	0
55834574904	0	2	0
55834574903	0	2	0
55834574902	0	2	0
55834574901	0	2	0
55834574900	0	2	0
55834574899	0	2	0
55834574898	0	2	0
55834574896	0	2	0
55834574895	0	2	0
55834574894	0	2	0
55834574893	0	2	0
55834574891	0	2	0
55834574890	0	2	0
55834574888	0	2	0
55834574887	0	2	0
55834574883	0	2	0
55834574882	0	2	0
55834574881	0	2	0
55834574880	0	2	0
55834574879	0	2	0
55834574877	0	2	0
55834574876	0	2	0
55834574875	0	2	0
55834574874	0	2	0
55834574873	0	2	0
55834574871	0	2	0
55834574870	0	2	0
55834574868	0	2	0
55834574867	0	2	0
55834574865	0	2	0
55834574863	0	2	0
55834574862	0	2	0
55834574861	0	2	0
55834574859	0	2	0
55834574858	0	2	0
55834574856	0	2	0
55834574855	0	2	0
55834574854	0	2	0
55834574853	0	2	0
55834574852	0	2	0
55834574851	0	2	0
53687091274	0	2	0
53687091273	0	2	0
53687091272	0	2	0
53687091271	0	2	0
53687091270	0	2	0
53687091266	0	2	0
53687091265	0	2	0
53687091264	0	2	0
53687091262	0	2	0
53687091261	0	2	0
53687091258	0	2	0
53687091256	0	2	0
53687091255	0	2	0
53687091253	0	2	0
53687091252	0	2	0
53687091251	0	2	0
53687091250	0	2	0
53687091246	0	2	0
53687091245	0	2	0
53687091243	0	2	0
53687091242	0	2	0
53687091240	0	2	0
53687091239	0	2	0
53687091238	0	2	0
53687091237	0	2	0
53687091236	0	2	0
53687091234	0	2	0
53687091233	0	2	0
53687091232	0	2	0
53687091231	0	2	0
53687091227	0	2	0
53687091225	0	2	0
53687091223	0	2	0
53687091220	0	2	0
53687091219	0	2	0
53687091217	0	2	0
53687091216	0	2	0
53687091213	0	2	0
53687091211	0	2	0
53687091210	0	2	0
53687091209	0	2	0
53687091208	0	2	0
53687091207	0	2	0
53687091206	0	2	0
53687091203	0	2	0
53687091202	0	2	0
53687091201	0	2	0
51539607627	0	2	0
51539607626	0	2	0
51539607625	0	2	0
51539607624	0	2	0
51539607623	0	2	0
51539607622	0	2	0
51539607621	0	2	0
51539607619	0	2	0
51539607618	0	2	0
51539607617	0	2	0
51539607616	0	2	0
51539607615	0	2	0
51539607614	0	2	0
51539607612	0	2	0
51539607611	0	2	0
51539607610	0	2	0
51539607609	0	2	0
51539607607	0	2	0
51539607606	0	2	0
51539607605	0	2	0
51539607603	0	2	0
51539607602	0	2	0
51539607598	0	2	0
51539607596	0	2	0
51539607595	0	2	0
51539607594	0	2	0
51539607593	0	2	0
51539607592	0	2	0
51539607591	0	2	0
51539607590	0	2	0
51539607589	0	2	0
51539607587	0	2	0
51539607586	0	2	0
51539607585	0	2	0
51539607584	0	2	0
51539607583	0	2	0
51539607582	0	2	0
51539607581	0	2	0
51539607580	0	2	0
51539607579	0	2	0
51539607578	0	2	0
51539607577	0	2	0
51539607575	0	2	0
51539607573	0	2	0
51539607572	0	2	0
51539607570	0	2	0
51539607569	0	2	0
51539607567	0	2	0
51539607566	0	2	0
51539607565	0	2	0
51539607564	0	2	0
51539607563	0	2	0
51539607562	0	2	0
51539607559	0	2	0
51539607557	0	2	0
51539607556	0	2	0
51539607555	0	2	0
51539607554	0	2	0
51539607553	0	2	0
49392123980	0	2	0
49392123979	0	2	0
49392123978	0	2	0
49392123977	0	2	0
49392123976	0	2	0
49392123975	0	2	0
49392123974	0	2	0
49392123972	0	2	0
49392123971	0	2	0
49392123970	0	2	0
49392123968	0	2	0
49392123967	0	2	0
49392123964	0	2	0
49392123962	0	2	0
49392123961	0	2	0
49392123960	0	2	0
49392123959	0	2	0
49392123958	0	2	0
49392123957	0	2	0
49392123956	0	2	0
49392123952	0	2	0
49392123951	0	2	0
49392123949	0	2	0
49392123948	0	2	0
49392123946	0	2	0
49392123945	0	2	0
49392123944	0	2	0
49392123943	0	2	0
49392123942	0	2	0
49392123940	0	2	0
49392123939	0	2	0
49392123938	0	2	0
49392123937	0	2	0
49392123933	0	2	0
49392123931	0	2	0
49392123929	0	2	0
49392123928	0	2	0
49392123926	0	2	0
49392123925	0	2	0
49392123923	0	2	0
49392123922	0	2	0
49392123920	0	2	0
49392123919	0	2	0
49392123917	0	2	0
49392123916	0	2	0
49392123915	0	2	0
49392123914	0	2	0
49392123912	0	2	0
49392123909	0	2	0
49392123908	0	2	0
49392123907	0	2	0
47244640334	0	2	0
47244640333	0	2	0
47244640331	0	2	0
47244640330	0	2	0
47244640328	0	2	0
47244640327	0	2	0
47244640326	0	2	0
47244640324	0	2	0
47244640323	0	2	0
47244640322	0	2	0
47244640319	0	2	0
47244640318	0	2	0
47244640316	0	2	0
47244640314	0	2	0
47244640313	0	2	0
47244640312	0	2	0
47244640310	0	2	0
47244640309	0	2	0
47244640308	0	2	0
47244640307	0	2	0
47244640306	0	2	0
47244640305	0	2	0
47244640304	0	2	0
47244640303	0	2	0
47244640301	0	2	0
47244640300	0	2	0
47244640299	0	2	0
47244640298	0	2	0
47244640297	0	2	0
47244640296	0	2	0
47244640295	0	2	0
47244640294	0	2	0
47244640292	0	2	0
47244640291	0	2	0
47244640290	0	2	0
47244640289	0	2	0
47244640288	0	2	0
47244640287	0	2	0
47244640286	0	2	0
47244640285	0	2	0
47244640284	0	2	0
47244640283	0	2	0
47244640282	0	2	0
47244640281	0	2	0
47244640280	0	2	0
47244640278	0	2	0
47244640277	0	2	0
47244640276	0	2	0
47244640274	0	2	0
47244640273	0	2	0
47244640272	0	2	0
47244640271	0	2	0
47244640269	0	2	0
47244640268	0	2	0
47244640267	0	2	0
47244640266	0	2	0
47244640264	0	2	0
47244640263	0	2	0
47244640262	0	2	0
47244640261	0	2	0
47244640260	0	2	0
47244640259	0	2	0
47244640258	0	2	0
47244640257	0	2	0
45097156686	0	2	0
45097156685	0	2	0
45097156684	0	2	0
45097156683	0	2	0
45097156682	0	2	0
45097156681	0	2	0
45097156680	0	2	0
45097156678	0	2	0
45097156676	0	2	0
45097156675	0	2	0
45097156674	0	2	0
45097156673	0	2	0
45097156671	0	2	0
45097156670	0	2	0
45097156669	0	2	0
45097156668	0	2	0
45097156666	0	2	0
45097156665	0	2	0
45097156664	0	2	0
45097156662	0	2	0
45097156661	0	2	0
45097156657	0	2	0
45097156655	0	2	0
45097156654	0	2	0
45097156653	0	2	0
45097156651	0	2	0
45097156650	0	2	0
45097156649	0	2	0
45097156648	0	2	0
45097156646	0	2	0
45097156643	0	2	0
45097156642	0	2	0
45097156641	0	2	0
45097156640	0	2	0
45097156639	0	2	0
45097156638	0	2	0
45097156637	0	2	0
45097156636	0	2	0
45097156634	0	2	0
45097156632	0	2	0
45097156631	0	2	0
45097156629	0	2	0
45097156628	0	2	0
45097156626	0	2	0
45097156625	0	2	0
45097156624	0	2	0
45097156623	0	2	0
45097156622	0	2	0
45097156621	0	2	0
45097156618	0	2	0
45097156616	0	2	0
45097156615	0	2	0
45097156614	0	2	0
45097156613	0	2	0
45097156612	0	2	0
45097156609	0	2	0
42949673040	0	2	0
42949673039	0	2	0
42949673037	0	2	0
42949673036	0	2	0
42949673035	0	2	0
42949673034	0	2	0
42949673033	0	2	0
42949673032	0	2	0
42949673030	0	2	0
42949673029	0	2	0
42949673028	0	2	0
42949673025	0	2	0
42949673024	0	2	0
42949673022	0	2	0
42949673020	0	2	0
42949673019	0	2	0
42949673018	0	2	0
42949673016	0	2	0
42949673015	0	2	0
42949673014	0	2	0
42949673013	0	2	0
42949673012	0	2	0
42949673011	0	2	0
42949673010	0	2	0
42949673009	0	2	0
42949673007	0	2	0
42949673006	0	2	0
42949673005	0	2	0
42949673004	0	2	0
42949673003	0	2	0
42949673002	0	2	0
42949673001	0	2	0
42949673000	0	2	0
42949672998	0	2	0
42949672997	0	2	0
42949672996	0	2	0
42949672995	0	2	0
42949672994	0	2	0
42949672993	0	2	0
42949672992	0	2	0
42949672991	0	2	0
42949672990	0	2	0
42949672989	0	2	0
42949672988	0	2	0
42949672987	0	2	0
42949672986	0	2	0
42949672984	0	2	0
42949672983	0	2	0
42949672982	0	2	0
42949672980	0	2	0
42949672979	0	2	0
42949672978	0	2	0
42949672977	0	2	0
42949672975	0	2	0
42949672974	0	2	0
42949672973	0	2	0
42949672972	0	2	0
42949672970	0	2	0
42949672969	0	2	0
42949672968	0	2	0
42949672967	0	2	0
42949672966	0	2	0
42949672965	0	2	0
42949672964	0	2	0
42949672963	0	2	0
42949672961	0	2	0
40802189392	0	2	0
40802189391	0	2	0
40802189390	0	2	0
40802189389	0	2	0
40802189388	0	2	0
40802189387	0	2	0
40802189385	0	2	0
40802189384	0	2	0
40802189383	0	2	0
40802189382	0	2	0
40802189380	0	2	0
40802189379	0	2	0
40802189378	0	2	0
40802189376	0	2	0
40802189374	0	2	0
40802189373	0	2	0
40802189371	0	2	0
40802189370	0	2	0
40802189369	0	2	0
40802189368	0	2	0
40802189364	0	2	0
40802189363	0	2	0
40802189362	0	2	0
40802189361	0	2	0
40802189360	0	2	0
40802189358	0	2	0
40802189357	0	2	0
40802189356	0	2	0
40802189355	0	2	0
40802189354	0	2	0
40802189352	0	2	0
40802189351	0	2	0
40802189350	0	2	0
40802189349	0	2	0
40802189345	0	2	0
40802189343	0	2	0
40802189341	0	2	0
40802189340	0	2	0
40802189338	0	2	0
40802189337	0	2	0
40802189335	0	2	0
40802189334	0	2	0
40802189331	0	2	0
40802189329	0	2	0
40802189328	0	2	0
40802189327	0	2	0
40802189326	0	2	0
40802189325	0	2	0
40802189324	0	2	0
40802189321	0	2	0
40802189320	0	2	0
40802189319	0	2	0
40802189317	0	2	0
40802189315	0	2	0
40802189314	0	2	0
40802189313	0	2	0
38654705746	0	2	0
38654705744	0	2	0
38654705743	0	2	0
38654705741	0	2	0
38654705740	0	2	0
38654705739	0	2	0
38654705738	0	2	0
38654705737	0	2	0
38654705736	0	2	0
38654705734	0	2	0
38654705733	0	2	0
38654705732	0	2	0
38654705731	0	2	0
38654705730	0	2	0
38654705729	0	2	0
38654705728	0	2	0
38654705727	0	2	0
38654705726	0	2	0
38654705725	0	2	0
38654705724	0	2	0
38654705723	0	2	0
38654705722	0	2	0
38654705720	0	2	0
38654705719	0	2	0
38654705718	0	2	0
38654705717	0	2	0
38654705715	0	2	0
38654705714	0	2	0
38654705712	0	2	0
38654705711	0	2	0
38654705710	0	2	0
38654705707	0	2	0
38654705706	0	2	0
38654705705	0	2	0
38654705704	0	2	0
38654705703	0	2	0
38654705701	0	2	0
38654705700	0	2	0
38654705699	0	2	0
38654705698	0	2	0
38654705697	0	2	0
38654705695	0	2	0
38654705694	0	2	0
38654705692	0	2	0
38654705691	0	2	0
38654705689	0	2	0
38654705687	0	2	0
38654705686	0	2	0
38654705685	0	2	0
38654705683	0	2	0
38654705682	0	2	0
38654705680	0	2	0
38654705679	0	2	0
38654705678	0	2	0
38654705677	0	2	0
38654705676	0	2	0
38654705675	0	2	0
38654705671	0	2	0
38654705670	0	2	0
38654705669	0	2	0
38654705668	0	2	0
38654705667	0	2	0
38654705666	0	2	0
38654705665	0	2	0
36507222098	0	2	0
36507222097	0	2	0
36507222096	0	2	0
36507222095	0	2	0
36507222094	0	2	0
36507222093	0	2	0
36507222092	0	2	0
36507222091	0	2	0
36507222090	0	2	0
36507222089	0	2	0
36507222088	0	2	0
36507222086	0	2	0
36507222085	0	2	0
36507222082	0	2	0
36507222080	0	2	0
36507222079	0	2	0
36507222078	0	2	0
36507222077	0	2	0
36507222076	0	2	0
36507222075	0	2	0
36507222074	0	2	0
36507222070	0	2	0
36507222069	0	2	0
36507222067	0	2	0
36507222066	0	2	0
36507222064	0	2	0
36507222063	0	2	0
36507222062	0	2	0
36507222061	0	2	0
36507222060	0	2	0
36507222058	0	2	0
36507222057	0	2	0
36507222056	0	2	0
36507222055	0	2	0
36507222051	0	2	0
36507222049	0	2	0
36507222047	0	2	0
36507222046	0	2	0
36507222044	0	2	0
36507222043	0	2	0
36507222041	0	2	0
36507222040	0	2	0
36507222038	0	2	0
36507222037	0	2	0
36507222035	0	2	0
36507222034	0	2	0
36507222033	0	2	0
36507222032	0	2	0
36507222031	0	2	0
36507222030	0	2	0
36507222027	0	2	0
36507222026	0	2	0
36507222025	0	2	0
36507222023	0	2	0
36507222021	0	2	0
36507222020	0	2	0
36507222019	0	2	0
36507222017	0	2	0
34359738452	0	2	0
34359738451	0	2	0
34359738450	0	2	0
34359738449	0	2	0
34359738448	0	2	0
34359738447	0	2	0
34359738446	0	2	0
34359738445	0	2	0
34359738444	0	2	0
34359738443	0	2	0
34359738441	0	2	0
34359738440	0	2	0
34359738439	0	2	0
34359738438	0	2	0
34359738437	0	2	0
34359738436	0	2	0
34359738435	0	2	0
34359738434	0	2	0
34359738433	0	2	0
34359738431	0	2	0
34359738430	0	2	0
34359738429	0	2	0
34359738427	0	2	0
34359738426	0	2	0
34359738425	0	2	0
34359738424	0	2	0
34359738422	0	2	0
34359738420	0	2	0
34359738419	0	2	0
34359738418	0	2	0
34359738416	0	2	0
34359738415	0	2	0
34359738414	0	2	0
34359738412	0	2	0
34359738411	0	2	0
34359738408	0	2	0
34359738407	0	2	0
34359738406	0	2	0
34359738405	0	2	0
34359738404	0	2	0
34359738403	0	2	0
34359738402	0	2	0
34359738401	0	2	0
34359738399	0	2	0
34359738398	0	2	0
34359738397	0	2	0
34359738396	0	2	0
34359738395	0	2	0
34359738394	0	2	0
34359738393	0	2	0
34359738392	0	2	0
34359738391	0	2	0
34359738390	0	2	0
34359738389	0	2	0
34359738388	0	2	0
34359738387	0	2	0
34359738383	0	2	0
34359738382	0	2	0
34359738381	0	2	0
34359738380	0	2	0
34359738379	0	2	0
34359738378	0	2	0
34359738377	0	2	0
34359738376	0	2	0
34359738375	0	2	0
34359738374	0	2	0
34359738372	0	2	0
34359738371	0	2	0
34359738370	0	2	0
34359738369	0	2	0
32212254805	0	2	0
32212254803	0	2	0
32212254802	0	2	0
32212254800	0	2	0
32212254797	0	2	0
32212254796	0	2	0
32212254795	0	2	0
32212254792	0	2	0
32212254791	0	2	0
32212254790	0	2	0
32212254789	0	2	0
32212254788	0	2	0
32212254786	0	2	0
32212254785	0	2	0
32212254783	0	2	0
32212254782	0	2	0
32212254781	0	2	0
32212254779	0	2	0
32212254778	0	2	0
32212254777	0	2	0
32212254776	0	2	0
32212254774	0	2	0
32212254773	0	2	0
32212254771	0	2	0
32212254770	0	2	0
32212254766	0	2	0
32212254765	0	2	0
32212254764	0	2	0
32212254763	0	2	0
32212254762	0	2	0
32212254760	0	2	0
32212254759	0	2	0
32212254758	0	2	0
32212254757	0	2	0
32212254756	0	2	0
32212254753	0	2	0
32212254750	0	2	0
32212254746	0	2	0
32212254745	0	2	0
32212254742	0	2	0
32212254741	0	2	0
32212254739	0	2	0
32212254738	0	2	0
32212254737	0	2	0
32212254736	0	2	0
32212254735	0	2	0
32212254734	0	2	0
32212254733	0	2	0
32212254730	0	2	0
32212254729	0	2	0
32212254728	0	2	0
32212254727	0	2	0
32212254726	0	2	0
32212254725	0	2	0
32212254724	0	2	0
32212254722	0	2	0
32212254721	0	2	0
30064771158	0	2	0
30064771157	0	2	0
30064771156	0	2	0
30064771155	0	2	0
30064771154	0	2	0
30064771153	0	2	0
30064771150	0	2	0
30064771149	0	2	0
30064771148	0	2	0
30064771147	0	2	0
30064771145	0	2	0
30064771144	0	2	0
30064771143	0	2	0
30064771141	0	2	0
30064771139	0	2	0
30064771138	0	2	0
30064771136	0	2	0
30064771135	0	2	0
30064771134	0	2	0
30064771133	0	2	0
30064771129	0	2	0
30064771128	0	2	0
30064771127	0	2	0
30064771126	0	2	0
30064771125	0	2	0
30064771123	0	2	0
30064771122	0	2	0
30064771121	0	2	0
30064771120	0	2	0
30064771119	0	2	0
30064771117	0	2	0
30064771116	0	2	0
30064771115	0	2	0
30064771114	0	2	0
30064771110	0	2	0
30064771108	0	2	0
30064771106	0	2	0
30064771103	0	2	0
30064771102	0	2	0
30064771100	0	2	0
30064771099	0	2	0
30064771096	0	2	0
30064771094	0	2	0
30064771093	0	2	0
30064771092	0	2	0
30064771091	0	2	0
30064771090	0	2	0
30064771089	0	2	0
30064771086	0	2	0
30064771085	0	2	0
30064771084	0	2	0
30064771082	0	2	0
30064771080	0	2	0
30064771079	0	2	0
30064771078	0	2	0
30064771076	0	2	0
30064771074	0	2	0
30064771073	0	2	0
27917287511	0	2	0
27917287510	0	2	0
27917287507	0	2	0
27917287505	0	2	0
27917287503	0	2	0
27917287501	0	2	0
27917287500	0	2	0
27917287499	0	2	0
27917287498	0	2	0
27917287496	0	2	0
27917287495	0	2	0
27917287493	0	2	0
27917287491	0	2	0
27917287489	0	2	0
27917287487	0	2	0
27917287486	0	2	0
27917287485	0	2	0
27917287484	0	2	0
27917287483	0	2	0
27917287482	0	2	0
27917287481	0	2	0
27917287480	0	2	0
27917287478	0	2	0
27917287477	0	2	0
27917287476	0	2	0
27917287475	0	2	0
27917287474	0	2	0
27917287473	0	2	0
27917287472	0	2	0
27917287471	0	2	0
27917287469	0	2	0
27917287468	0	2	0
27917287467	0	2	0
27917287466	0	2	0
27917287465	0	2	0
27917287464	0	2	0
27917287462	0	2	0
27917287461	0	2	0
27917287460	0	2	0
27917287459	0	2	0
27917287458	0	2	0
27917287457	0	2	0
27917287455	0	2	0
27917287454	0	2	0
27917287453	0	2	0
27917287452	0	2	0
27917287451	0	2	0
27917287450	0	2	0
27917287449	0	2	0
27917287448	0	2	0
27917287446	0	2	0
27917287445	0	2	0
27917287444	0	2	0
27917287443	0	2	0
27917287441	0	2	0
27917287440	0	2	0
27917287439	0	2	0
27917287438	0	2	0
27917287437	0	2	0
27917287436	0	2	0
27917287435	0	2	0
27917287434	0	2	0
27917287432	0	2	0
27917287430	0	2	0
27917287429	0	2	0
27917287428	0	2	0
27917287427	0	2	0
27917287426	0	2	0
27917287425	0	2	0
25769803863	0	2	0
25769803862	0	2	0
25769803861	0	2	0
25769803860	0	2	0
25769803859	0	2	0
25769803856	0	2	0
25769803855	0	2	0
25769803854	0	2	0
25769803853	0	2	0
25769803851	0	2	0
25769803850	0	2	0
25769803849	0	2	0
25769803847	0	2	0
25769803844	0	2	0
25769803842	0	2	0
25769803841	0	2	0
25769803840	0	2	0
25769803839	0	2	0
25769803836	0	2	0
25769803835	0	2	0
25769803834	0	2	0
25769803833	0	2	0
25769803832	0	2	0
25769803831	0	2	0
25769803829	0	2	0
25769803828	0	2	0
25769803827	0	2	0
25769803826	0	2	0
25769803825	0	2	0
25769803823	0	2	0
25769803822	0	2	0
25769803821	0	2	0
25769803820	0	2	0
25769803816	0	2	0
25769803814	0	2	0
25769803812	0	2	0
25769803809	0	2	0
25769803808	0	2	0
25769803806	0	2	0
25769803805	0	2	0
25769803802	0	2	0
25769803800	0	2	0
25769803799	0	2	0
25769803798	0	2	0
25769803797	0	2	0
25769803796	0	2	0
25769803795	0	2	0
25769803794	0	2	0
25769803792	0	2	0
25769803791	0	2	0
25769803790	0	2	0
25769803788	0	2	0
25769803787	0	2	0
25769803786	0	2	0
25769803785	0	2	0
25769803784	0	2	0
25769803782	0	2	0
25769803780	0	2	0
25769803777	0	2	0
23622320217	0	2	0
23622320216	0	2	0
23622320215	0	2	0
23622320214	0	2	0
23622320213	0	2	0
23622320212	0	2	0
23622320211	0	2	0
23622320210	0	2	0
23622320209	0	2	0
23622320208	0	2	0
23622320206	0	2	0
23622320205	0	2	0
23622320203	0	2	0
23622320202	0	2	0
23622320201	0	2	0
23622320200	0	2	0
23622320199	0	2	0
23622320198	0	2	0
23622320197	0	2	0
23622320196	0	2	0
23622320194	0	2	0
23622320192	0	2	0
23622320191	0	2	0
23622320190	0	2	0
23622320189	0	2	0
23622320187	0	2	0
23622320186	0	2	0
23622320185	0	2	0
23622320184	0	2	0
23622320183	0	2	0
23622320181	0	2	0
23622320180	0	2	0
23622320179	0	2	0
23622320177	0	2	0
23622320176	0	2	0
23622320173	0	2	0
23622320172	0	2	0
23622320171	0	2	0
23622320170	0	2	0
23622320169	0	2	0
23622320168	0	2	0
23622320167	0	2	0
23622320166	0	2	0
23622320165	0	2	0
23622320164	0	2	0
23622320163	0	2	0
23622320162	0	2	0
23622320161	0	2	0
23622320160	0	2	0
23622320159	0	2	0
23622320158	0	2	0
23622320157	0	2	0
23622320156	0	2	0
23622320155	0	2	0
23622320154	0	2	0
23622320153	0	2	0
23622320152	0	2	0
23622320150	0	2	0
23622320149	0	2	0
23622320148	0	2	0
23622320147	0	2	0
23622320146	0	2	0
23622320145	0	2	0
23622320144	0	2	0
23622320143	0	2	0
23622320142	0	2	0
23622320141	0	2	0
23622320140	0	2	0
23622320139	0	2	0
23622320138	0	2	0
23622320137	0	2	0
23622320136	0	2	0
23622320135	0	2	0
23622320134	0	2	0
23622320132	0	2	0
23622320131	0	2	0
23622320130	0	2	0
23622320129	0	2	0
21474836570	0	2	0
21474836569	0	2	0
21474836568	0	2	0
21474836567	0	2	0
21474836566	0	2	0
21474836565	0	2	0
21474836564	0	2	0
21474836563	0	2	0
21474836562	0	2	0
21474836561	0	2	0
21474836559	0	2	0
21474836558	0	2	0
21474836557	0	2	0
21474836556	0	2	0
21474836555	0	2	0
21474836554	0	2	0
21474836553	0	2	0
21474836552	0	2	0
21474836551	0	2	0
21474836549	0	2	0
21474836548	0	2	0
21474836547	0	2	0
21474836545	0	2	0
21474836544	0	2	0
21474836543	0	2	0
21474836542	0	2	0
21474836540	0	2	0
21474836539	0	2	0
21474836538	0	2	0
21474836537	0	2	0
21474836536	0	2	0
21474836534	0	2	0
21474836533	0	2	0
21474836532	0	2	0
21474836530	0	2	0
21474836529	0	2	0
21474836526	0	2	0
21474836525	0	2	0
21474836524	0	2	0
21474836523	0	2	0
21474836522	0	2	0
21474836521	0	2	0
21474836520	0	2	0
21474836519	0	2	0
21474836517	0	2	0
21474836516	0	2	0
21474836515	0	2	0
21474836514	0	2	0
21474836513	0	2	0
21474836512	0	2	0
21474836511	0	2	0
21474836510	0	2	0
21474836509	0	2	0
21474836508	0	2	0
21474836507	0	2	0
21474836506	0	2	0
21474836505	0	2	0
21474836501	0	2	0
21474836500	0	2	0
21474836499	0	2	0
21474836498	0	2	0
21474836497	0	2	0
21474836496	0	2	0
21474836495	0	2	0
21474836494	0	2	0
21474836493	0	2	0
21474836492	0	2	0
21474836490	0	2	0
21474836489	0	2	0
21474836488	0	2	0
21474836487	0	2	0
21474836485	0	2	0
21474836484	0	2	0
21474836483	0	2	0
21474836482	0	2	0
19327352923	0	2	0
19327352922	0	2	0
19327352921	0	2	0
19327352920	0	2	0
19327352919	0	2	0
19327352918	0	2	0
19327352917	0	2	0
19327352916	0	2	0
19327352915	0	2	0
19327352914	0	2	0
19327352912	0	2	0
19327352911	0	2	0
19327352910	0	2	0
19327352909	0	2	0
19327352908	0	2	0
19327352907	0	2	0
19327352906	0	2	0
19327352905	0	2	0
19327352904	0	2	0
19327352902	0	2	0
19327352900	0	2	0
19327352898	0	2	0
19327352897	0	2	0
19327352896	0	2	0
19327352895	0	2	0
19327352893	0	2	0
19327352891	0	2	0
19327352890	0	2	0
19327352889	0	2	0
19327352887	0	2	0
19327352886	0	2	0
19327352885	0	2	0
19327352883	0	2	0
19327352882	0	2	0
19327352879	0	2	0
19327352878	0	2	0
19327352877	0	2	0
19327352876	0	2	0
19327352875	0	2	0
19327352874	0	2	0
19327352873	0	2	0
19327352872	0	2	0
19327352870	0	2	0
19327352869	0	2	0
19327352868	0	2	0
19327352867	0	2	0
19327352866	0	2	0
19327352865	0	2	0
19327352864	0	2	0
19327352863	0	2	0
19327352862	0	2	0
19327352861	0	2	0
19327352860	0	2	0
19327352859	0	2	0
19327352858	0	2	0
19327352854	0	2	0
19327352853	0	2	0
19327352852	0	2	0
19327352851	0	2	0
19327352850	0	2	0
19327352849	0	2	0
19327352848	0	2	0
19327352847	0	2	0
19327352846	0	2	0
19327352845	0	2	0
19327352843	0	2	0
19327352842	0	2	0
19327352841	0	2	0
19327352840	0	2	0
19327352838	0	2	0
19327352837	0	2	0
19327352836	0	2	0
19327352835	0	2	0
17179869276	0	2	0
17179869275	0	2	0
17179869272	0	2	0
17179869270	0	2	0
17179869269	0	2	0
17179869268	0	2	0
17179869266	0	2	0
17179869265	0	2	0
17179869264	0	2	0
17179869263	0	2	0
17179869261	0	2	0
17179869260	0	2	0
17179869258	0	2	0
17179869256	0	2	0
17179869255	0	2	0
17179869254	0	2	0
17179869252	0	2	0
17179869251	0	2	0
17179869250	0	2	0
17179869249	0	2	0
17179869248	0	2	0
17179869247	0	2	0
17179869246	0	2	0
17179869245	0	2	0
17179869243	0	2	0
17179869242	0	2	0
17179869241	0	2	0
17179869240	0	2	0
17179869239	0	2	0
17179869238	0	2	0
17179869237	0	2	0
17179869236	0	2	0
17179869234	0	2	0
17179869233	0	2	0
17179869232	0	2	0
17179869231	0	2	0
17179869230	0	2	0
17179869229	0	2	0
17179869227	0	2	0
17179869226	0	2	0
17179869225	0	2	0
17179869224	0	2	0
17179869223	0	2	0
17179869222	0	2	0
17179869220	0	2	0
17179869219	0	2	0
17179869218	0	2	0
17179869216	0	2	0
17179869215	0	2	0
17179869214	0	2	0
17179869213	0	2	0
17179869211	0	2	0
17179869210	0	2	0
17179869209	0	2	0
17179869208	0	2	0
17179869206	0	2	0
17179869205	0	2	0
17179869204	0	2	0
17179869203	0	2	0
17179869202	0	2	0
17179869201	0	2	0
17179869200	0	2	0
17179869199	0	2	0
17179869197	0	2	0
17179869195	0	2	0
17179869194	0	2	0
17179869193	0	2	0
17179869192	0	2	0
17179869191	0	2	0
17179869190	0	2	0
17179869188	0	2	0
17179869187	0	2	0
17179869186	0	2	0
17179869185	0	2	0
15032385629	0	2	0
15032385628	0	2	0
15032385625	0	2	0
15032385623	0	2	0
15032385622	0	2	0
15032385621	0	2	0
15032385620	0	2	0
15032385619	0	2	0
15032385617	0	2	0
15032385616	0	2	0
15032385615	0	2	0
15032385614	0	2	0
15032385613	0	2	0
15032385612	0	2	0
15032385611	0	2	0
15032385610	0	2	0
15032385609	0	2	0
15032385608	0	2	0
15032385607	0	2	0
15032385606	0	2	0
15032385605	0	2	0
15032385604	0	2	0
15032385603	0	2	0
15032385602	0	2	0
15032385601	0	2	0
15032385600	0	2	0
15032385599	0	2	0
15032385598	0	2	0
15032385596	0	2	0
15032385595	0	2	0
15032385594	0	2	0
15032385592	0	2	0
15032385591	0	2	0
15032385590	0	2	0
15032385589	0	2	0
15032385588	0	2	0
15032385587	0	2	0
15032385586	0	2	0
15032385585	0	2	0
15032385584	0	2	0
15032385583	0	2	0
15032385582	0	2	0
15032385580	0	2	0
15032385579	0	2	0
15032385578	0	2	0
15032385577	0	2	0
15032385576	0	2	0
15032385575	0	2	0
15032385574	0	2	0
15032385573	0	2	0
15032385572	0	2	0
15032385571	0	2	0
15032385570	0	2	0
15032385569	0	2	0
15032385568	0	2	0
15032385567	0	2	0
15032385566	0	2	0
15032385565	0	2	0
15032385564	0	2	0
15032385563	0	2	0
15032385562	0	2	0
15032385561	0	2	0
15032385560	0	2	0
15032385559	0	2	0
15032385558	0	2	0
15032385557	0	2	0
15032385556	0	2	0
15032385555	0	2	0
15032385554	0	2	0
15032385553	0	2	0
15032385552	0	2	0
15032385551	0	2	0
15032385550	0	2	0
15032385549	0	2	0
15032385548	0	2	0
15032385547	0	2	0
15032385546	0	2	0
15032385545	0	2	0
15032385544	0	2	0
15032385543	0	2	0
15032385541	0	2	0
15032385540	0	2	0
15032385539	0	2	0
15032385538	0	2	0
12884901982	0	2	0
12884901981	0	2	0
12884901980	0	2	0
12884901979	0	2	0
12884901978	0	2	0
12884901977	0	2	0
12884901976	0	2	0
12884901975	0	2	0
12884901974	0	2	0
12884901972	0	2	0
12884901971	0	2	0
12884901970	0	2	0
12884901967	0	2	0
12884901966	0	2	0
12884901965	0	2	0
12884901964	0	2	0
12884901963	0	2	0
12884901962	0	2	0
12884901961	0	2	0
12884901958	0	2	0
12884901957	0	2	0
12884901956	0	2	0
12884901955	0	2	0
12884901954	0	2	0
12884901953	0	2	0
12884901952	0	2	0
12884901951	0	2	0
12884901950	0	2	0
12884901949	0	2	0
12884901948	0	2	0
12884901947	0	2	0
12884901946	0	2	0
12884901945	0	2	0
12884901944	0	2	0
12884901943	0	2	0
12884901942	0	2	0
12884901940	0	2	0
12884901939	0	2	0
12884901938	0	2	0
12884901937	0	2	0
12884901936	0	2	0
12884901935	0	2	0
12884901934	0	2	0
12884901933	0	2	0
12884901932	0	2	0
12884901931	0	2	0
12884901930	0	2	0
12884901929	0	2	0
12884901928	0	2	0
12884901927	0	2	0
12884901926	0	2	0
12884901925	0	2	0
12884901924	0	2	0
12884901922	0	2	0
12884901921	0	2	0
12884901920	0	2	0
12884901919	0	2	0
12884901917	0	2	0
12884901916	0	2	0
12884901915	0	2	0
12884901914	0	2	0
12884901912	0	2	0
12884901911	0	2	0
12884901910	0	2	0
12884901909	0	2	0
12884901908	0	2	0
12884901907	0	2	0
12884901906	0	2	0
12884901905	0	2	0
12884901903	0	2	0
12884901901	0	2	0
12884901900	0	2	0
12884901899	0	2	0
12884901898	0	2	0
12884901897	0	2	0
12884901896	0	2	0
12884901895	0	2	0
12884901894	0	2	0
12884901892	0	2	0
12884901891	0	2	0
12884901890	0	2	0
12884901889	0	2	0
10737418335	0	2	0
10737418334	0	2	0
10737418333	0	2	0
10737418332	0	2	0
10737418331	0	2	0
10737418330	0	2	0
10737418329	0	2	0
10737418328	0	2	0
10737418327	0	2	0
10737418326	0	2	0
10737418325	0	2	0
10737418324	0	2	0
10737418323	0	2	0
10737418322	0	2	0
10737418321	0	2	0
10737418320	0	2	0
10737418319	0	2	0
10737418318	0	2	0
10737418317	0	2	0
10737418316	0	2	0
10737418314	0	2	0
10737418313	0	2	0
10737418312	0	2	0
10737418310	0	2	0
10737418309	0	2	0
10737418308	0	2	0
10737418307	0	2	0
10737418305	0	2	0
10737418303	0	2	0
10737418302	0	2	0
10737418301	0	2	0
10737418299	0	2	0
10737418298	0	2	0
10737418297	0	2	0
10737418296	0	2	0
10737418295	0	2	0
10737418294	0	2	0
10737418291	0	2	0
10737418290	0	2	0
10737418289	0	2	0
10737418288	0	2	0
10737418287	0	2	0
10737418286	0	2	0
10737418285	0	2	0
10737418284	0	2	0
10737418282	0	2	0
10737418281	0	2	0
10737418280	0	2	0
10737418279	0	2	0
10737418278	0	2	0
10737418277	0	2	0
10737418276	0	2	0
10737418275	0	2	0
10737418274	0	2	0
10737418273	0	2	0
10737418272	0	2	0
10737418271	0	2	0
10737418270	0	2	0
10737418266	0	2	0
10737418265	0	2	0
10737418264	0	2	0
10737418263	0	2	0
10737418262	0	2	0
10737418261	0	2	0
10737418260	0	2	0
10737418258	0	2	0
10737418257	0	2	0
10737418255	0	2	0
10737418254	0	2	0
10737418253	0	2	0
10737418252	0	2	0
10737418250	0	2	0
10737418249	0	2	0
10737418248	0	2	0
10737418247	0	2	0
10737418246	0	2	0
10737418243	0	2	0
10737418242	0	2	0
10737418241	0	2	0
8589934687	0	2	0
8589934686	0	2	0
8589934685	0	2	0
8589934684	0	2	0
8589934683	0	2	0
8589934682	0	2	0
8589934681	0	2	0
8589934679	0	2	0
8589934677	0	2	0
8589934676	0	2	0
8589934675	0	2	0
8589934674	0	2	0
8589934672	0	2	0
8589934671	0	2	0
8589934670	0	2	0
8589934669	0	2	0
8589934667	0	2	0
8589934666	0	2	0
8589934665	0	2	0
8589934663	0	2	0
8589934662	0	2	0
8589934661	0	2	0
8589934660	0	2	0
8589934658	0	2	0
8589934656	0	2	0
8589934655	0	2	0
8589934654	0	2	0
8589934652	0	2	0
8589934651	0	2	0
8589934650	0	2	0
8589934649	0	2	0
8589934648	0	2	0
8589934647	0	2	0
8589934644	0	2	0
8589934643	0	2	0
8589934642	0	2	0
8589934641	0	2	0
8589934640	0	2	0
8589934639	0	2	0
8589934638	0	2	0
8589934637	0	2	0
8589934635	0	2	0
8589934634	0	2	0
8589934633	0	2	0
8589934632	0	2	0
8589934631	0	2	0
8589934630	0	2	0
8589934629	0	2	0
8589934628	0	2	0
8589934627	0	2	0
8589934626	0	2	0
8589934625	0	2	0
8589934624	0	2	0
8589934623	0	2	0
8589934619	0	2	0
8589934617	0	2	0
8589934616	0	2	0
8589934615	0	2	0
8589934614	0	2	0
8589934613	0	2	0
8589934611	0	2	0
8589934610	0	2	0
8589934608	0	2	0
8589934607	0	2	0
8589934606	0	2	0
8589934605	0	2	0
8589934603	0	2	0
8589934602	0	2	0
8589934601	0	2	0
8589934600	0	2	0
8589934599	0	2	0
8589934596	0	2	0
8589934595	0	2	0
8589934594	0	2	0
6442451041	0	2	0
6442451039	0	2	0
6442451038	0	2	0
6442451036	0	2	0
6442451034	0	2	0
6442451033	0	2	0
6442451032	0	2	0
6442451031	0	2	0
6442451029	0	2	0
6442451028	0	2	0
6442451027	0	2	0
6442451026	0	2	0
6442451025	0	2	0
6442451024	0	2	0
6442451023	0	2	0
6442451022	0	2	0
6442451021	0	2	0
6442451020	0	2	0
6442451019	0	2	0
6442451018	0	2	0
6442451017	0	2	0
6442451015	0	2	0
6442451014	0	2	0
6442451013	0	2	0
6442451012	0	2	0
6442451010	0	2	0
6442451009	0	2	0
6442451007	0	2	0
6442451006	0	2	0
6442451005	0	2	0
6442451002	0	2	0
6442451001	0	2	0
6442451000	0	2	0
6442450999	0	2	0
6442450998	0	2	0
6442450996	0	2	0
6442450995	0	2	0
6442450994	0	2	0
6442450993	0	2	0
6442450992	0	2	0
6442450990	0	2	0
6442450989	0	2	0
6442450987	0	2	0
6442450986	0	2	0
6442450984	0	2	0
6442450982	0	2	0
6442450981	0	2	0
6442450978	0	2	0
6442450977	0	2	0
6442450975	0	2	0
6442450974	0	2	0
6442450973	0	2	0
6442450972	0	2	0
6442450971	0	2	0
6442450970	0	2	0
6442450966	0	2	0
6442450965	0	2	0
6442450964	0	2	0
6442450963	0	2	0
6442450962	0	2	0
6442450961	0	2	0
6442450960	0	2	0
6442450958	0	2	0
6442450957	0	2	0
6442450955	0	2	0
6442450954	0	2	0
6442450953	0	2	0
6442450952	0	2	0
6442450951	0	2	0
6442450950	0	2	0
6442450949	0	2	0
6442450948	0	2	0
6442450947	0	2	0
6442450946	0	2	0
6442450945	0	2	0
4294967394	0	2	0
4294967393	0	2	0
4294967390	0	2	0
4294967388	0	2	0
4294967387	0	2	0
4294967386	0	2	0
4294967385	0	2	0
4294967384	0	2	0
4294967382	0	2	0
4294967381	0	2	0
4294967380	0	2	0
4294967379	0	2	0
4294967378	0	2	0
4294967377	0	2	0
4294967376	0	2	0
4294967375	0	2	0
4294967374	0	2	0
4294967373	0	2	0
4294967372	0	2	0
4294967371	0	2	0
4294967370	0	2	0
4294967369	0	2	0
4294967368	0	2	0
4294967367	0	2	0
4294967366	0	2	0
4294967365	0	2	0
4294967364	0	2	0
4294967363	0	2	0
4294967362	0	2	0
4294967360	0	2	0
4294967359	0	2	0
4294967357	0	2	0
4294967356	0	2	0
4294967355	0	2	0
4294967354	0	2	0
4294967353	0	2	0
4294967352	0	2	0
4294967351	0	2	0
4294967350	0	2	0
4294967349	0	2	0
4294967348	0	2	0
4294967347	0	2	0
4294967345	0	2	0
4294967344	0	2	0
4294967343	0	2	0
4294967342	0	2	0
4294967341	0	2	0
4294967340	0	2	0
4294967339	0	2	0
4294967337	0	2	0
4294967336	0	2	0
4294967335	0	2	0
4294967334	0	2	0
4294967333	0	2	0
4294967332	0	2	0
4294967331	0	2	0
4294967330	0	2	0
4294967329	0	2	0
4294967328	0	2	0
4294967327	0	2	0
4294967326	0	2	0
4294967325	0	2	0
4294967324	0	2	0
4294967323	0	2	0
4294967322	0	2	0
4294967321	0	2	0
4294967320	0	2	0
4294967319	0	2	0
4294967318	0	2	0
4294967317	0	2	0
4294967316	0	2	0
4294967315	0	2	0
4294967314	0	2	0
4294967313	0	2	0
4294967312	0	2	0
4294967311	0	2	0
4294967310	0	2	0
4294967309	0	2	0
4294967308	0	2	0
4294967307	0	2	0
4294967306	0	2	0
4294967305	0	2	0
4294967304	0	2	0
4294967303	0	2	0
4294967300	0	2	0
4294967299	0	2	0
4294967298	0	2	0
4294967297	0	2	0
2147483747	0	2	0
2147483745	0	2	0
2147483744	0	2	0
2147483743	0	2	0
2147483742	0	2	0
2147483741	0	2	0
2147483740	0	2	0
2147483739	0	2	0
2147483738	0	2	0
2147483737	0	2	0
2147483735	0	2	0
2147483734	0	2	0
2147483733	0	2	0
2147483732	0	2	0
2147483731	0	2	0
2147483730	0	2	0
2147483729	0	2	0
2147483728	0	2	0
2147483727	0	2	0
2147483726	0	2	0
2147483725	0	2	0
2147483724	0	2	0
2147483723	0	2	0
2147483721	0	2	0
2147483720	0	2	0
2147483719	0	2	0
2147483718	0	2	0
2147483716	0	2	0
2147483715	0	2	0
2147483713	0	2	0
2147483712	0	2	0
2147483711	0	2	0
2147483708	0	2	0
2147483707	0	2	0
2147483706	0	2	0
2147483705	0	2	0
2147483704	0	2	0
2147483702	0	2	0
2147483701	0	2	0
2147483700	0	2	0
2147483699	0	2	0
2147483698	0	2	0
2147483696	0	2	0
2147483695	0	2	0
2147483694	0	2	0
2147483693	0	2	0
2147483692	0	2	0
2147483690	0	2	0
2147483688	0	2	0
2147483687	0	2	0
2147483686	0	2	0
2147483684	0	2	0
2147483683	0	2	0
2147483681	0	2	0
2147483680	0	2	0
2147483679	0	2	0
2147483678	0	2	0
2147483677	0	2	0
2147483676	0	2	0
2147483672	0	2	0
2147483671	0	2	0
2147483670	0	2	0
2147483669	0	2	0
2147483668	0	2	0
2147483667	0	2	0
2147483666	0	2	0
2147483664	0	2	0
2147483663	0	2	0
2147483662	0	2	0
2147483661	0	2	0
2147483660	0	2	0
2147483659	0	2	0
2147483658	0	2	0
2147483657	0	2	0
2147483656	0	2	0
2147483655	0	2	0
2147483654	0	2	0
2147483653	0	2	0
2147483652	0	2	0
2147483651	0	2	0
2147483649	0	2	0
