223338299393
221190815746
216895848478
216895848477
206158430216
206158430213
204010946566
201863462919
199715979267
188978561033
186831077386
184683593737
184683593736
182536110086
173946175498
173946175497
169651208206
64424509493
64424509488
57982058549
55834574910
55834574908
55834574901
51539607616
51539607610
49392123967
47244640319
42949673024
40802189381
40802189370
36507222078
34359738388
32212254795
32212254787
27917287495
25769803853
25769803798
25769803795
21474836560
21474836559
21474836499
19327352919
15032385616
12884901972
12884901914
12884901909
8589934679
8589934676
8589934618
8589934611
8589934609
6442451032
4294967317
2147483738
2147483677
2147483670
124554051600
122406567952
122406567949
122406567947
120259084302
115964116997
113816633360
113816633357
107374182405
105226698768
105226698763
96636764177
96636764170
88046829581
85899345928
81604378636
81604378630
79456894992
79456894989
77309411339
73014444047
73014444043
73014444039
70866960397
68719476743
62277025810
62277025807
62277025805
57982058509
53687091218
53687091216
49392123920
49392123919
45097156623
40802189330
34359738385
15032385562
4294967313
186831077414
186831077412
184683593770
184683593767
184683593765
184683593761
182536110123
182536110120
182536110118
182536110114
180388626476
180388626475
180388626474
180388626473
180388626471
178241142829
178241142826
178241142824
178241142820
176093659182
176093659181
176093659180
176093659179
176093659178
176093659177
176093659174
173946175535
173946175534
173946175533
173946175532
173946175531
173946175530
173946175529
173946175527
173946175526
171798691888
171798691885
171798691883
171798691879
169651208241
169651208240
169651208239
169651208238
169651208237
169651208236
169651208235
169651208233
167503724594
167503724593
167503724592
167503724591
167503724589
167503724585
165356240947
165356240946
165356240945
165356240944
165356240943
165356240942
165356240941
165356240939
163208757303
163208757300
163208757299
163208757298
163208757297
163208757296
163208757295
163208757294
163208757293
163208757292
163208757291
163208757290
163208757289
163208757288
163208757287
163208757286
163208757285
163208757284
163208757283
163208757282
163208757281
163208757280
163208757278
163208757277
163208757276
163208757275
163208757274
163208757273
163208757271
163208757270
163208757269
163208757268
163208757267
163208757265
163208757262
163208757261
163208757260
163208757259
163208757258
163208757257
163208757256
163208757255
163208757254
163208757252
163208757251
163208757250
163208757249
161061273656
161061273652
161061273651
161061273650
161061273649
161061273648
161061273647
161061273646
161061273645
161061273644
161061273643
161061273642
161061273641
161061273640
161061273639
161061273638
161061273637
161061273636
161061273635
161061273634
161061273633
161061273632
161061273631
161061273630
161061273629
161061273628
161061273627
161061273626
161061273624
161061273623
161061273622
161061273621
161061273620
161061273618
161061273616
161061273615
161061273614
161061273613
161061273612
161061273611
161061273610
161061273609
161061273608
161061273605
161061273604
161061273603
158913790007
158913790006
158913790005
158913790004
158913790003
158913790002
158913790001
158913790000
158913789999
158913789998
158913789997
158913789996
158913789995
158913789994
158913789993
158913789992
158913789991
158913789990
158913789989
158913789988
158913789987
158913789986
158913789985
158913789984
158913789983
158913789982
158913789981
158913789980
158913789977
158913789976
158913789975
158913789974
158913789973
158913789972
158913789971
158913789968
158913789967
158913789966
158913789965
158913789964
158913789963
158913789962
158913789961
158913789958
158913789957
158913789956
158913789955
156766306362
156766306360
156766306359
156766306358
156766306357
156766306356
156766306355
156766306354
156766306353
156766306352
156766306351
156766306350
156766306349
156766306348
156766306347
156766306346
156766306345
156766306344
156766306343
156766306342
156766306341
156766306340
156766306339
156766306338
156766306337
156766306336
156766306335
156766306334
156766306333
156766306332
156766306330
156766306329
156766306328
156766306327
156766306326
156766306324
156766306322
156766306321
156766306320
156766306319
156766306318
156766306317
156766306315
156766306314
156766306313
156766306311
156766306310
156766306309
156766306308
154618822714
154618822713
154618822710
154618822709
154618822708
154618822704
154618822703
154618822700
154618822699
154618822698
154618822697
154618822696
154618822694
154618822692
154618822691
154618822690
154618822689
154618822688
154618822687
154618822686
154618822684
154618822683
154618822682
154618822680
154618822679
154618822677
154618822674
154618822673
154618822672
154618822671
154618822670
154618822669
154618822668
154618822667
154618822666
154618822664
154618822663
154618822662
154618822661
152471339068
152471339065
152471339061
152471339051
152471339050
152471339047
152471339046
152471339045
152471339043
152471339041
152471339040
152471339039
152471339037
152471339036
152471339035
152471339034
152471339033
152471339032
152471339030
152471339028
152471339027
152471339026
152471339025
152471339024
152471339023
152471339022
152471339021
152471339020
152471339017
152471339016
152471339015
152471339014
150323855421
150323855420
150323855419
150323855418
150323855417
150323855416
150323855415
150323855414
150323855413
150323855412
150323855411
150323855410
150323855409
150323855408
150323855407
150323855406
150323855405
150323855404
150323855403
150323855402
150323855401
150323855400
150323855399
150323855398
150323855397
150323855396
150323855395
150323855394
150323855393
150323855392
150323855391
150323855389
150323855388
150323855387
150323855386
150323855385
150323855383
150323855380
150323855379
150323855378
150323855377
150323855376
150323855375
150323855373
150323855368
150323855367
148176371774
148176371773
148176371771
148176371770
148176371769
148176371768
148176371767
148176371766
148176371765
148176371764
148176371763
148176371762
148176371761
148176371760
148176371759
148176371758
148176371757
148176371756
148176371755
148176371754
148176371753
148176371752
148176371751
148176371750
148176371749
148176371748
148176371747
148176371745
148176371744
148176371743
148176371742
148176371741
148176371740
148176371739
148176371738
148176371736
148176371735
148176371734
148176371733
148176371732
148176371731
148176371730
148176371729
148176371728
148176371727
148176371726
148176371725
148176371724
148176371723
148176371722
148176371721
148176371720
146028888126
146028888124
146028888123
146028888122
146028888121
146028888120
146028888119
146028888118
146028888117
146028888116
146028888115
146028888114
146028888113
146028888111
146028888110
146028888109
146028888108
146028888107
146028888106
146028888105
146028888104
146028888102
146028888101
146028888100
146028888099
146028888098
146028888097
146028888095
146028888094
146028888092
146028888091
146028888089
146028888087
146028888086
146028888085
146028888084
146028888083
146028888082
146028888081
146028888080
146028888079
146028888077
146028888076
146028888075
146028888074
146028888073
143881404480
143881404469
143881404466
143881404465
143881404463
143881404461
143881404459
143881404457
143881404455
143881404453
143881404452
143881404448
143881404447
143881404446
143881404445
143881404444
143881404442
143881404440
143881404438
143881404437
143881404436
143881404435
143881404432
143881404431
143881404429
143881404428
143881404427
143881404426
141733920830
141733920829
141733920828
141733920827
141733920826
141733920825
141733920824
141733920823
141733920822
141733920821
141733920820
141733920819
141733920818
141733920817
141733920816
141733920815
141733920814
141733920813
141733920812
141733920811
141733920810
141733920809
141733920808
141733920807
141733920806
141733920804
141733920803
141733920801
141733920800
141733920799
141733920798
141733920797
141733920795
141733920793
141733920792
141733920791
141733920790
141733920789
141733920788
141733920786
141733920785
141733920784
141733920782
141733920781
141733920780
141733920779
139586437186
139586437185
139586437183
139586437182
139586437181
139586437180
139586437179
139586437178
139586437177
139586437176
139586437175
139586437174
139586437173
139586437172
139586437171
139586437170
139586437169
139586437168
139586437167
139586437166
139586437165
139586437164
139586437163
139586437162
139586437161
139586437160
139586437159
139586437158
139586437157
139586437156
139586437155
139586437154
139586437153
139586437152
139586437151
139586437150
139586437149
139586437148
139586437147
139586437146
139586437145
139586437144
139586437143
139586437142
139586437141
139586437140
139586437139
139586437138
139586437137
139586437136
139586437135
139586437134
139586437133
139586437132
137438953536
137438953535
137438953534
137438953533
137438953532
137438953531
137438953530
137438953529
137438953527
137438953524
137438953518
137438953514
137438953513
137438953512
137438953510
137438953509
137438953508
137438953507
137438953506
137438953505
137438953504
137438953503
137438953502
137438953501
137438953499
137438953498
137438953497
137438953496
137438953495
137438953494
137438953493
137438953492
137438953491
137438953488
137438953487
137438953486
137438953485
135291469889
135291469886
135291469882
135291469879
135291469877
135291469876
135291469860
135291469859
135291469858
135291469857
135291469856
135291469854
135291469852
135291469850
135291469848
135291469847
135291469846
135291469845
135291469843
135291469840
135291469838
133143986244
133143986242
133143986241
133143986240
133143986239
133143986238
133143986237
133143986236
133143986235
133143986234
133143986233
133143986232
133143986231
133143986230
133143986229
133143986228
133143986227
133143986226
133143986225
133143986224
133143986222
133143986221
133143986220
133143986219
133143986218
133143986217
133143986216
133143986212
133143986210
133143986209
133143986207
133143986204
133143986200
133143986199
133143986192
130996502596
130996502595
130996502594
130996502593
130996502592
130996502591
130996502590
130996502589
130996502588
130996502587
130996502586
130996502585
130996502584
130996502583
130996502582
130996502581
130996502580
130996502579
130996502578
130996502577
130996502576
130996502575
130996502571
130996502569
130996502568
130996502567
130996502565
130996502563
130996502560
130996502557
130996502552
130996502547
130996502545
128849018948
128849018947
128849018946
128849018945
128849018944
128849018940
128849018939
128849018935
128849018934
128849018930
128849018926
128849018924
128849018921
128849018919
128849018917
128849018915
128849018913
128849018911
128849018909
128849018907
128849018902
128849018899
128849018897
126701535292
126701535290
126701535289
126701535268
126701535266
126701535264
126701535262
126701535260
126701535255
126701535252
126701535250
124554051654
124554051653
124554051652
124554051651
124554051650
124554051649
124554051648
124554051647
124554051646
124554051645
124554051642
124554051641
124554051639
124554051638
124554051637
124554051636
124554051634
124554051632
122406568007
122406568006
122406568005
122406568004
122406568003
122406568002
122406568001
122406568000
122406567999
122406567998
122406567997
122406567996
122406567995
122406567994
122406567993
122406567992
122406567991
122406567990
122406567989
122406567987
122406567979
120259084360
120259084356
120259084347
118111600702
115964117066
115964117065
115964117064
115964117063
115964117062
115964117061
115964117059
115964117058
115964117057
115964117055
115964117054
115964117053
115964117052
115964117051
115964117050
115964117049
115964117048
115964117046
113816633419
113816633418
113816633417
113816633416
113816633415
113816633414
113816633413
113816633412
113816633411
113816633410
113816633409
113816633408
113816633407
113816633406
113816633405
113816633404
113816633403
113816633401
111669149766
107374182477
107374182476
107374182473
107374182471
107374182469
107374182465
107374182464
107374182463
107374182460
105226698831
105226698830
105226698829
105226698828
105226698826
105226698825
105226698824
105226698823
105226698822
105226698821
105226698820
105226698819
105226698818
105226698816
105226698815
105226698813
98784247890
98784247889
98784247888
98784247887
98784247886
98784247885
98784247884
98784247883
98784247882
98784247881
98784247880
98784247878
98784247876
98784247874
98784247872
96636764243
96636764242
96636764241
96636764240
96636764239
96636764238
96636764237
96636764236
96636764235
96636764234
96636764233
96636764232
96636764231
96636764229
96636764228
96636764225
94489280589
94489280586
94489280585
92341796949
92341796948
92341796945
92341796944
92341796943
92341796942
92341796940
92341796938
92341796936
90194313302
90194313301
90194313300
90194313299
90194313298
90194313297
90194313296
90194313295
90194313294
90194313293
90194313292
90194313291
90194313290
90194313288
90194313284
83751862361
83751862359
79456895064
79456895061
75161927773
75161927766
64424509538
64424509537
64424509536
64424509535
64424509534
64424509533
64424509532
64424509531
64424509530
64424509528
64424509526
64424509524
60129542243
60129542242
60129542241
60129542240
60129542239
60129542232
55834574950
55834574949
55834574948
55834574947
55834574946
55834574945
55834574938
53687091300
53687091294
51539607656
51539607655
51539607654
51539607653
51539607652
51539607651
51539607644
47244640362
47244640361
47244640360
47244640359
47244640358
47244640357
47244640356
47244640355
47244640354
47244640352
47244640350
47244640348
45097156715
45097156713
45097156710
45097156709
42949673068
42949673067
42949673066
42949673065
42949673064
42949673063
42949673062
42949673061
42949673060
42949673058
42949673056
42949673054
42949673015
40802189420
40802189419
40802189412
40802189369
40802189367
38654705774
38654705773
38654705772
38654705771
38654705770
38654705769
38654705768
38654705767
38654705766
38654705764
38654705762
38654705760
38654705721
38654705717
38654705713
36507222126
36507222123
36507222075
36507222072
36507222071
36507222068
36507222067
34359738480
34359738479
34359738478
34359738477
34359738476
34359738475
34359738474
34359738473
34359738472
34359738470
34359738468
34359738466
34359738428
34359738427
34359738426
34359738425
34359738424
32212254829
32212254828
32212254827
32212254824
32212254781
32212254779
32212254777
32212254774
32212254773
32212254770
32212254767
30064771186
30064771185
30064771184
30064771183
30064771182
30064771181
30064771180
30064771179
30064771178
30064771176
30064771174
30064771134
30064771133
30064771132
30064771131
30064771130
30064771129
30064771128
30064771127
30064771126
30064771125
30064771124
30064771123
27917287534
27917287487
27917287482
27917287480
27917287477
27917287476
25769803892
25769803891
25769803890
25769803889
25769803888
25769803887
25769803886
25769803885
25769803884
25769803883
25769803882
25769803880
25769803840
25769803839
25769803838
25769803837
25769803836
25769803835
25769803834
25769803833
25769803832
25769803831
25769803830
25769803829
23622320193
23622320192
23622320191
23622320189
23622320186
23622320182
23622320181
21474836598
21474836597
21474836596
21474836595
21474836594
21474836593
21474836592
21474836590
21474836588
21474836586
21474836546
21474836545
21474836544
21474836543
21474836542
21474836541
21474836540
21474836539
21474836538
21474836537
21474836536
21474836535
21474836534
21474836533
19327352951
19327352950
19327352949
19327352948
19327352947
19327352946
19327352942
19327352899
19327352897
19327352896
19327352895
19327352893
19327352892
19327352891
19327352889
19327352888
19327352887
17179869304
17179869303
17179869302
17179869301
17179869300
17179869299
17179869298
17179869297
17179869296
17179869252
17179869251
17179869250
17179869249
17179869248
17179869247
17179869246
17179869245
17179869244
17179869243
17179869242
17179869241
17179869240
15032385657
15032385656
15032385655
15032385654
15032385653
15032385652
15032385648
15032385605
15032385604
15032385603
15032385602
15032385601
15032385600
15032385599
15032385598
15032385597
15032385595
15032385594
12884902010
12884902009
12884902008
12884902007
12884902006
12884902005
12884902004
12884902003
12884902002
12884901958
12884901957
12884901956
12884901955
12884901954
12884901953
12884901952
12884901951
12884901950
12884901949
12884901948
12884901947
12884901946
12884901945
10737418362
10737418361
10737418360
10737418359
10737418358
10737418354
10737418311
10737418310
10737418308
10737418304
10737418303
10737418302
10737418300
10737418298
8589934716
8589934715
8589934714
8589934713
8589934712
8589934711
8589934710
8589934708
8589934706
8589934664
8589934663
8589934661
8589934660
8589934659
8589934658
8589934657
8589934656
8589934655
8589934653
8589934652
8589934651
8589934648
8589934647
6442451069
6442451068
6442451067
6442451066
6442451065
6442451064
6442451063
6442451062
6442451061
6442451059
6442451017
6442451014
6442451013
6442451006
4294967422
4294967421
4294967420
4294967419
4294967418
4294967417
4294967416
4294967415
4294967414
4294967370
4294967369
4294967368
4294967367
4294967366
4294967365
4294967364
4294967363
4294967362
4294967361
4294967360
4294967359
4294967358
4294967357
4294967353
2147483775
2147483774
2147483773
2147483772
2147483771
2147483770
2147483769
2147483767
2147483717
2147483715
2147483714
2147483712
184683593730
178241142787
146028888068
143881404420
139586437124
137438953476
135291469828
128849018884
126701535236
120259084292
120259084290
118111600644
107374182404
105226698756
98784247811
90194313219
88046829571
83751862274
79456894980
79456894978
75161927684
75161927682
70866960388
70866960386
66571993090
60129542146
55834574852
55834574850
51539607556
51539607554
47244640260
47244640258
42949672968
42949672962
38654705668
38654705666
36507222017
34359738372
34359738370
30064771078
30064771076
30064771074
25769803780
25769803778
21474836482
15032385538
12884901890
