55834574849
79456894977
53687091201
51539607553
64424509441
62277025793
49392123905
6442450945
73014444033
120259084302
113816633361
111669149714
111669149712
111669149711
111669149710
111669149709
111669149708
109521666067
109521666066
109521666065
109521666064
109521666063
109521666062
109521666061
109521666060
109521666059
109521666058
109521666057
109521666056
107374182420
107374182419
107374182418
107374182417
107374182416
107374182415
107374182414
107374182413
107374182412
107374182411
107374182410
107374182409
107374182408
107374182407
105226698773
105226698772
105226698771
105226698770
105226698769
105226698768
105226698767
105226698766
105226698765
105226698764
105226698763
105226698762
105226698761
105226698760
105226698759
103079215126
103079215125
103079215124
103079215123
103079215122
103079215121
103079215120
103079215119
103079215118
103079215117
103079215116
103079215115
103079215114
103079215113
103079215112
100931731479
100931731478
100931731477
100931731476
100931731475
100931731474
100931731473
100931731472
100931731471
100931731470
100931731469
100931731468
100931731467
100931731466
100931731465
98784247832
98784247831
98784247830
98784247829
98784247828
98784247827
98784247826
98784247825
98784247824
98784247823
98784247822
98784247821
98784247820
98784247819
98784247818
96636764185
96636764184
96636764183
96636764182
96636764181
96636764180
96636764179
96636764178
96636764177
96636764176
96636764175
96636764174
96636764173
96636764172
96636764171
96636764170
96636764169
94489280538
94489280537
94489280536
94489280535
94489280534
94489280533
94489280532
94489280531
94489280530
94489280529
94489280528
94489280527
94489280526
94489280525
94489280524
94489280523
94489280522
94489280521
92341796891
92341796890
92341796889
92341796888
92341796887
92341796886
92341796885
92341796884
92341796883
92341796882
92341796881
92341796880
92341796879
92341796878
92341796877
92341796876
92341796875
92341796874
92341796873
90194313244
90194313243
90194313242
90194313241
90194313240
90194313239
90194313238
90194313237
90194313236
90194313235
90194313234
90194313233
90194313232
90194313231
90194313230
90194313229
90194313228
90194313227
90194313226
88046829597
88046829596
88046829595
88046829594
88046829593
88046829592
88046829591
88046829590
88046829589
88046829588
88046829587
88046829586
88046829585
88046829584
88046829583
88046829582
88046829581
88046829580
88046829579
85899345950
85899345949
85899345948
85899345947
85899345946
85899345945
85899345944
85899345943
85899345942
85899345941
85899345940
85899345939
85899345938
85899345937
85899345936
85899345935
85899345934
85899345933
85899345932
85899345931
83751862303
83751862302
83751862301
83751862300
83751862299
83751862298
83751862297
83751862296
83751862295
83751862294
83751862293
83751862292
83751862291
83751862290
83751862289
83751862288
83751862287
83751862286
83751862285
83751862284
83751862283
81604378656
81604378655
81604378654
81604378653
81604378652
81604378651
81604378650
81604378649
81604378648
81604378647
81604378646
81604378645
81604378644
81604378643
81604378642
81604378641
81604378640
81604378639
81604378638
81604378637
81604378636
81604378635
79456895009
79456895008
79456895007
79456895006
79456895005
79456895004
79456895003
79456895002
79456895001
79456895000
79456894999
79456894998
79456894997
79456894996
79456894995
79456894994
79456894993
79456894992
79456894991
79456894990
79456894989
79456894988
77309411362
77309411361
77309411360
77309411359
77309411358
77309411357
77309411356
77309411355
77309411354
77309411353
77309411352
77309411351
77309411350
77309411349
77309411348
77309411347
77309411346
77309411345
77309411344
77309411343
77309411342
77309411341
75161927715
75161927714
75161927713
75161927712
75161927711
75161927710
75161927709
75161927708
75161927707
75161927706
75161927705
75161927704
75161927703
75161927702
75161927701
75161927700
75161927699
75161927698
75161927697
75161927696
75161927695
75161927694
75161927693
73014444068
73014444067
73014444066
73014444065
73014444064
73014444063
73014444062
73014444061
73014444060
73014444059
73014444058
73014444057
73014444056
73014444055
73014444054
73014444053
73014444052
73014444051
73014444050
73014444049
73014444048
73014444047
73014444046
70866960421
70866960420
70866960419
70866960418
70866960417
70866960416
70866960415
70866960414
70866960413
70866960412
70866960411
70866960410
70866960409
70866960408
70866960407
70866960406
70866960405
70866960404
70866960403
70866960402
70866960401
70866960400
70866960399
68719476774
68719476773
68719476772
68719476771
68719476770
68719476769
68719476768
68719476767
68719476766
68719476765
68719476764
68719476763
68719476762
68719476761
68719476760
68719476759
68719476758
68719476757
68719476756
68719476755
68719476754
68719476753
68719476752
66571993126
66571993125
66571993124
66571993123
66571993122
66571993121
66571993120
66571993119
66571993118
66571993117
66571993116
66571993115
66571993114
66571993113
66571993112
66571993111
66571993110
66571993109
66571993108
66571993107
66571993106
66571993105
64424509479
64424509478
64424509477
64424509476
64424509475
64424509474
64424509473
64424509472
64424509471
64424509470
64424509469
64424509468
64424509467
64424509466
64424509465
64424509464
64424509463
64424509462
64424509461
64424509460
64424509459
64424509458
62277025832
62277025831
62277025830
62277025829
62277025828
62277025827
62277025826
62277025825
62277025824
62277025823
62277025822
62277025821
62277025820
62277025819
62277025818
62277025817
62277025816
62277025815
62277025814
62277025813
62277025812
62277025811
60129542185
60129542184
60129542183
60129542182
60129542181
60129542180
60129542179
60129542178
60129542177
60129542176
60129542175
60129542174
60129542173
60129542172
60129542171
60129542170
60129542169
60129542168
60129542167
60129542166
60129542165
60129542164
57982058538
57982058537
57982058536
57982058535
57982058534
57982058533
57982058532
57982058531
57982058530
57982058529
57982058528
57982058527
57982058526
57982058525
57982058524
57982058523
57982058522
57982058521
57982058520
57982058519
57982058518
57982058517
55834574891
55834574890
55834574889
55834574888
55834574887
55834574886
55834574885
55834574884
55834574883
55834574882
55834574881
55834574880
55834574879
55834574878
55834574877
55834574876
55834574875
55834574874
55834574873
55834574872
55834574871
55834574870
53687091245
53687091244
53687091243
53687091242
53687091241
53687091240
53687091239
53687091238
53687091237
53687091236
53687091235
53687091234
53687091233
53687091232
53687091231
53687091230
53687091229
53687091228
53687091227
53687091226
53687091225
53687091224
53687091223
51539607598
51539607597
51539607596
51539607595
51539607594
51539607593
51539607592
51539607591
51539607590
51539607589
51539607588
51539607587
51539607586
51539607585
51539607584
51539607583
51539607582
51539607581
51539607580
51539607579
51539607578
51539607577
51539607576
49392123951
49392123950
49392123949
49392123948
49392123947
49392123946
49392123945
49392123944
49392123943
49392123942
49392123941
49392123940
49392123939
49392123938
49392123937
49392123936
49392123935
49392123934
49392123933
49392123932
49392123931
49392123930
49392123929
47244640304
47244640303
47244640302
47244640301
47244640300
47244640299
47244640298
47244640297
47244640296
47244640295
47244640294
47244640293
47244640292
47244640291
47244640290
47244640289
47244640288
47244640287
47244640286
47244640285
47244640284
47244640283
47244640282
47244640281
47244640280
47244640279
47244640278
47244640277
47244640276
45097156657
45097156656
45097156655
45097156654
45097156653
45097156652
45097156651
45097156650
45097156649
45097156648
45097156647
45097156646
45097156645
45097156644
45097156643
45097156642
45097156641
45097156640
45097156639
45097156638
45097156637
45097156636
45097156635
45097156634
45097156633
45097156632
45097156631
45097156630
45097156629
42949673009
42949673008
42949673007
42949673006
42949673005
42949673004
42949673003
42949673002
42949673001
42949673000
42949672999
42949672998
42949672997
42949672996
42949672995
42949672994
42949672993
42949672992
42949672991
42949672990
42949672989
42949672988
42949672987
42949672986
42949672985
42949672984
42949672983
42949672982
42949672981
42949672980
42949672979
40802189360
40802189359
40802189358
40802189357
40802189356
40802189355
40802189354
40802189353
40802189352
40802189351
40802189350
40802189349
40802189348
40802189347
40802189346
40802189345
40802189344
40802189343
40802189342
40802189341
40802189340
40802189339
40802189338
40802189337
40802189336
40802189335
40802189334
40802189333
40802189332
40802189331
40802189330
38654705714
38654705713
38654705711
38654705710
38654705709
38654705708
38654705707
38654705706
38654705705
38654705704
38654705703
38654705702
38654705701
38654705700
38654705699
38654705698
38654705697
38654705696
38654705695
38654705694
38654705693
38654705692
38654705691
38654705690
38654705689
38654705688
38654705687
38654705686
38654705685
38654705684
36507222066
36507222065
36507222064
36507222063
36507222062
36507222061
36507222060
36507222059
36507222058
36507222057
36507222056
36507222055
36507222054
36507222053
36507222052
36507222051
36507222050
36507222049
36507222048
36507222047
36507222046
36507222045
36507222044
36507222043
36507222042
36507222041
36507222040
36507222039
36507222038
36507222037
36507222036
36507222035
36507222034
34359738417
34359738416
34359738415
34359738414
34359738413
34359738412
34359738411
34359738410
34359738409
34359738408
34359738407
34359738406
34359738405
34359738404
34359738403
34359738402
34359738401
34359738400
34359738399
34359738398
34359738397
34359738396
34359738395
34359738394
34359738393
34359738392
34359738391
34359738390
34359738389
34359738388
34359738387
34359738386
32212254770
32212254768
32212254767
32212254766
32212254765
32212254764
32212254763
32212254762
32212254761
32212254760
32212254759
32212254758
32212254757
32212254756
32212254755
32212254754
32212254753
32212254752
32212254751
32212254750
32212254749
32212254748
32212254747
32212254746
32212254745
32212254744
32212254743
32212254742
32212254741
32212254740
32212254739
32212254738
32212254737
30064771121
30064771120
30064771119
30064771118
30064771117
30064771116
30064771115
30064771114
30064771113
30064771112
30064771111
30064771110
30064771109
30064771108
30064771107
30064771106
30064771105
30064771104
30064771103
30064771102
30064771101
30064771100
30064771099
30064771098
30064771097
30064771096
30064771095
30064771094
30064771093
30064771092
30064771091
30064771090
27917287476
27917287474
27917287473
27917287472
27917287471
27917287470
27917287469
27917287468
27917287467
27917287466
27917287465
27917287464
27917287463
27917287462
27917287461
27917287460
27917287459
27917287458
27917287457
27917287456
27917287455
27917287454
27917287453
27917287452
27917287451
27917287450
27917287449
27917287448
27917287447
27917287446
27917287445
27917287444
27917287443
27917287442
25769803827
25769803826
25769803825
25769803824
25769803823
25769803822
25769803821
25769803820
25769803819
25769803818
25769803817
25769803816
25769803815
25769803814
25769803813
25769803812
25769803811
25769803810
25769803809
25769803808
25769803807
25769803806
25769803805
25769803804
25769803803
25769803802
25769803801
25769803800
25769803799
25769803798
25769803797
25769803796
25769803795
23622320180
23622320179
23622320177
23622320176
23622320175
23622320174
23622320173
23622320172
23622320171
23622320170
23622320169
23622320168
23622320167
23622320166
23622320165
23622320164
23622320163
23622320162
23622320161
23622320160
23622320159
23622320158
23622320157
23622320156
23622320155
23622320154
23622320153
23622320152
23622320151
23622320150
23622320149
21474836533
21474836532
21474836530
21474836529
21474836528
21474836527
21474836526
21474836525
21474836524
21474836523
21474836522
21474836521
21474836520
21474836519
21474836518
21474836517
21474836516
21474836515
21474836514
21474836513
21474836512
21474836511
21474836510
21474836509
21474836508
21474836507
21474836506
21474836505
21474836504
21474836503
21474836502
21474836501
19327352882
19327352881
19327352880
19327352879
19327352878
19327352877
19327352876
19327352875
19327352874
19327352873
19327352872
19327352871
19327352870
19327352869
19327352868
19327352867
19327352866
19327352865
19327352864
19327352863
19327352862
19327352861
19327352860
19327352859
19327352858
19327352857
19327352856
19327352855
17179869234
17179869233
17179869232
17179869231
17179869230
17179869229
17179869228
17179869227
17179869226
17179869225
17179869224
17179869223
17179869222
17179869221
17179869220
17179869219
17179869218
17179869217
17179869216
17179869215
17179869214
17179869213
17179869212
17179869211
17179869210
17179869209
17179869208
15032385587
15032385586
15032385585
15032385584
15032385583
15032385582
15032385581
15032385580
15032385579
15032385578
15032385577
15032385576
15032385575
15032385574
15032385573
15032385572
15032385571
15032385570
15032385569
15032385568
15032385567
15032385566
15032385565
15032385564
15032385563
15032385562
15032385561
12884901940
12884901938
12884901937
12884901936
12884901935
12884901934
12884901933
12884901932
12884901931
12884901930
12884901929
12884901928
12884901927
12884901926
12884901925
12884901924
12884901922
12884901921
12884901920
12884901919
12884901918
12884901917
12884901916
12884901915
10737418291
10737418289
10737418288
10737418287
10737418286
10737418285
10737418284
10737418283
10737418282
10737418281
10737418280
10737418279
10737418278
10737418277
10737418276
10737418275
10737418274
10737418273
10737418272
10737418271
10737418270
10737418269
10737418268
10737418267
8589934644
8589934642
8589934641
8589934640
8589934639
8589934638
8589934637
8589934636
8589934635
8589934634
8589934633
8589934632
8589934631
8589934630
8589934629
8589934628
8589934627
8589934626
8589934625
8589934624
8589934623
8589934622
8589934621
6442450997
6442450995
6442450994
6442450993
6442450992
6442450991
6442450990
6442450989
6442450988
6442450987
6442450986
6442450985
6442450984
6442450983
6442450982
6442450981
6442450980
6442450979
6442450978
6442450977
6442450976
6442450975
6442450974
6442450973
4294967350
4294967348
4294967347
4294967346
4294967345
4294967344
4294967343
4294967342
4294967341
4294967340
4294967339
4294967338
4294967337
4294967336
4294967335
4294967334
4294967333
4294967332
4294967331
4294967330
4294967329
4294967328
4294967327
4294967326
4294967325
4294967318
4294967317
4294967316
2147483700
2147483698
2147483697
2147483696
2147483695
2147483694
2147483693
2147483692
2147483691
2147483690
2147483689
2147483688
2147483687
2147483686
2147483685
2147483684
2147483683
2147483682
2147483681
2147483680
2147483679
2147483678
2147483677
2147483674
2147483673
2147483672
2147483671
2147483670
2147483669
2147483668
