pair_id	rows	cols	config
55834574849	5051	2	
79456894977	4838	2	
53687091201	4701	2	
51539607553	4649	2	
64424509441	4613	2	
62277025793	4533	2	
49392123905	4526	2	
6442450945	4523	2	
73014444033	4510	2	
60129542145	4496	2	
77309411329	4454	2	
27917287425	4440	2	
57982058497	4419	2	
10737418241	4348	2	
21474836481	4336	2	
66571993089	4331	2	
4294967297	4331	2	
70866960385	4297	2	
2147483649	4232	2	
19327352833	4175	2	
30064771073	4145	2	
68719476737	4111	2	
47244640257	4111	2	
32212254721	4088	2	
8589934593	4043	2	
12884901889	4027	2	
36507222017	4010	2	
25769803777	3965	2	
17179869185	3846	2	
75161927681	3835	2	
38654705665	3787	2	
4294967364	3786	2	
40802189313	3785	2	
53687091202	3729	2	
2147483717	3672	2	
15032385537	3666	2	
55834574850	3601	2	
51539607554	3563	2	
45097156609	3556	2	
83751862273	3531	2	
4294967298	3509	2	
57982058498	3478	2	
81604378625	3451	2	
34359738369	3435	2	
2147483650	3398	2	
42949672961	3392	2	
88046829569	3380	2	
77309411330	3367	2	
62277025794	3316	2	
23622320129	3315	2	
60129542146	3308	2	
49392123906	3277	2	
70866960386	3247	2	
64424509442	3235	2	
6442450946	3213	2	
8589934594	3171	2	
6442451011	3159	2	
47244640258	3093	2	
146028888065	3026	2	2
90194313217	3014	2	2
19327352834	3002	2	2
10737418242	2991	2	2
133143986177	2973	2	2
25769803778	2907	2	2
27917287426	2891	2	2
85899345921	2814	2	2
2147483651	2768	2	2
73014444034	2740	2	2
141733920769	2738	2	2
66571993090	2735	2	2
17179869186	2699	2	2
2147483716	2688	2	2
51539607555	2677	2	2
68719476738	2669	2	2
75161927682	2658	2	2
8589934658	2634	2	2
79456894978	2580	2	2
15032385538	2573	2	2
128849018882	2567	2	2
30064771074	2553	2	2
53687091203	2536	2	2
55834574851	2533	2	2
4294967299	2477	2	2
92341796865	2473	2	2
148176371713	2463	2	2
12884901890	2453	2	2
45097156610	2437	2	2
6442450947	2433	2	2
98784247809	2329	2	2
36507222018	2326	2	2
49392123907	2324	2	2
57982058499	2270	2	2
60129542147	2266	2	2
23622320130	2227	2	2
118111600642	2220	2	2
4294967363	2203	2	2
38654705666	2191	2	2
21474836482	2171	2	2
96636764161	2158	2	2
62277025795	2140	2	2
122406567939	2135	2	2
34359738370	2123	2	2
94489280513	2108	2	2
32212254722	2100	2	2
8589934595	2099	2	2
130996502529	2078	2	2
81604378626	2058	2	2
137438953473	2057	2	2
139586437122	2021	2	2
88046829570	1998	2	2
118111600641	1975	2	2
68719476739	1969	2	2
47244640259	1951	2	2
126701535233	1950	2	2
10737418305	1938	2	2
75161927683	1930	2	2
115964116993	1907	2	2
64424509443	1904	2	2
2147483652	1889	2	2
73014444035	1888	2	2
17179869187	1840	2	2
6442451010	1838	2	2
40802189314	1834	2	2
85899345922	1832	2	2
25769803779	1826	2	2
70866960387	1825	2	2
122406567937	1824	2	2
42949672962	1823	2	2
90194313218	1816	2	2
83751862274	1814	2	2
4294967300	1793	2	2
66571993091	1776	2	2
77309411331	1771	2	2
10737418243	1769	2	2
128849018883	1720	2	2
133143986179	1706	2	2
51539607556	1706	2	2
143881404418	1687	2	2
53687091204	1671	2	2
12884901891	1653	2	2
79456894979	1649	2	2
15032385539	1647	2	2
49392123908	1627	2	2
27917287427	1623	2	2
81604378627	1618	2	2
55834574852	1611	2	2
45097156611	1604	2	2
6442450948	1597	2	2
73014444036	1586	2	2
57982058500	1548	2	2
92341796866	1528	2	2
23622320131	1524	2	2
83751862275	1517	2	2
70866960388	1503	2	2
60129542148	1502	2	2
66571993092	1499	2	2
8589934657	1483	2	2
88046829571	1480	2	2
68719476740	1473	2	2
79456894980	1456	2	2
113816633345	1452	2	2
111669149697	1447	2	2
81604378628	1433	2	2
12884901952	1427	2	2
77309411332	1425	2	2
62277025796	1424	2	2
19327352835	1408	2	2
75161927684	1404	2	2
21474836483	1400	2	2
64424509444	1388	2	2
85899345923	1373	2	2
100931731457	1372	2	2
70866960389	1360	2	2
2147483653	1342	2	2
79456894981	1325	2	2
94489280514	1320	2	2
135291469826	1316	2	2
146028888066	1314	2	2
126701535234	1306	2	2
68719476741	1298	2	2
77309411333	1296	2	2
96636764162	1295	2	2
47244640260	1294	2	2
30064771075	1273	2	2
73014444037	1259	2	2
36507222019	1257	2	2
2147483715	1254	2	2
130996502531	1248	2	2
8589934596	1246	2	2
137438953474	1241	2	2
64424509445	1235	2	2
75161927685	1234	2	2
32212254723	1234	2	2
66571993093	1228	2	2
2147483714	1219	2	2
83751862276	1207	2	2
68719476742	1198	2	2
4294967301	1197	2	2
118111600643	1177	2	2
10737418244	1175	2	2
137438953475	1174	2	2
77309411334	1170	2	2
81604378629	1160	2	2
128849018885	1158	2	2
55834574853	1156	2	2
128849018881	1152	2	2
15032385540	1152	2	2
122406567938	1150	2	2
75161927686	1149	2	2
90194313219	1148	2	2
130996502530	1146	2	6
34359738371	1140	2	2
53687091205	1138	2	2
124554051585	1137	2	2
42949672963	1136	2	2
115964116994	1128	2	2
4294967362	1115	2	2
70866960390	1111	2	2
62277025797	1108	2	2
143881404419	1103	2	2
73014444038	1100	2	2
51539607557	1098	2	2
85899345924	1094	2	2
57982058501	1091	2	2
38654705667	1089	2	2
66571993094	1088	2	2
10737418304	1087	2	2
120259084290	1085	2	2
60129542149	1084	2	2
75161927687	1070	2	2
12884901892	1069	2	2
45097156612	1067	2	2
122406567941	1053	2	2
141733920770	1051	2	2
79456894982	1047	2	2
49392123909	1046	2	2
4294967361	1044	2	2
105226698753	1031	2	2
25769803780	1031	2	2
21474836484	1029	2	2
73014444039	1026	2	2
133143986181	1020	2	2
139586437124	1018	2	2
23622320132	1013	2	2
15032385599	1011	2	2
64424509446	1009	2	2
143881404417	1005	2	2
62277025798	1004	2	2
118111600645	991	2	2
103079215105	987	2	2
66571993095	982	2	2
40802189315	982	2	2
47244640261	978	2	2
68719476743	976	2	2
126701535235	972	2	2
17179869188	972	2	2
70866960391	967	2	2
2147483654	966	2	2
139586437121	965	2	2
73014444040	963	2	2
6442451009	957	2	2
6442450949	947	2	2
133143986178	943	2	2
88046829572	940	2	2
27917287428	938	2	2
19327352836	937	2	2
70866960392	934	2	2
141733920771	931	2	2
77309411335	926	2	2
120259084289	924	2	2
83751862277	917	2	2
130996502532	916	2	2
115964116995	912	2	2
92341796867	894	2	2
81604378630	890	2	2
64424509447	884	2	2
30064771076	881	2	2
60129542150	862	2	2
6442451008	855	2	2
53687091206	848	2	2
79456894983	847	2	2
70866960393	847	2	2
8589934656	843	2	2
75161927688	840	2	2
135291469828	838	2	2
68719476744	837	2	2
8589934597	831	2	2
12884901951	828	2	2
32212254724	826	2	2
36507222020	825	2	2
55834574854	822	2	2
34359738372	822	2	2
64424509448	817	2	2
62277025799	809	2	2
42949672964	809	2	2
66571993096	801	2	2
68719476745	799	2	2
21474836485	795	2	2
57982058502	791	2	2
45097156613	788	2	2
19327352837	780	2	2
10737418245	780	2	2
124554051586	778	2	2
12884901893	773	2	2
51539607558	771	2	2
4294967302	766	2	2
60129542151	760	2	2
98784247810	758	2	2
73014444041	757	2	2
25769803781	754	2	2
27917287429	753	2	2
23622320133	743	2	2
68719476746	742	2	2
40802189316	740	2	2
17179869189	734	2	2
77309411336	728	2	2
8589934655	728	2	2
2147483713	728	2	2
38654705668	725	2	2
94489280515	723	2	2
70866960394	716	2	2
49392123910	716	2	2
130996502533	714	2	2
128849018887	713	2	2
2147483712	710	2	2
109521666049	708	2	2
137438953476	705	2	2
85899345925	705	2	2
107374182401	697	2	2
126701535237	696	2	2
122406567942	695	2	2
118111600644	695	2	2
130996502534	691	2	2
115964116996	682	2	2
15032385541	682	2	2
62277025800	681	2	2
32212254725	681	2	2
30064771077	675	2	2
111669149698	674	2	2
141733920772	673	2	2
66571993097	669	2	2
6442450950	665	2	2
17179869246	663	2	2
75161927689	662	2	2
4294967360	655	2	2
137438953477	654	2	2
47244640262	654	2	2
113816633346	651	2	2
17179869190	651	2	2
25769803782	649	2	2
21474836486	645	2	2
66571993098	644	2	2
64424509449	644	2	2
19327352838	642	2	2
2147483655	641	2	2
90194313220	640	2	2
23622320134	640	2	2
45097156614	636	2	2
15032385598	635	2	2
10737418303	631	2	2
135291469825	626	2	2
139586437123	614	2	2
57982058503	614	2	2
27917287430	614	2	2
34359738373	613	2	2
139586437125	611	2	2
62277025801	611	2	2
73014444042	610	2	2
68719476747	609	2	2
40802189317	606	2	2
128849018884	605	2	2
36507222021	604	2	2
126701535236	603	2	2
42949672965	600	2	2
55834574855	599	2	2
66571993099	598	2	2
60129542152	594	2	2
70866960395	589	2	2
83751862278	588	2	2
133143986180	587	2	2
38654705669	587	2	2
30064771078	587	2	2
8589934598	586	2	2
53687091207	582	2	2
25769803783	573	2	2
10737418246	571	2	2
51539607559	569	2	2
23622320135	569	2	2
21474836487	568	2	2
4294967359	568	2	2
126701535238	565	2	2
10737418302	561	2	2
6442451007	559	2	2
122406567940	557	2	2
64424509450	547	2	2
81604378631	543	2	2
17179869191	542	2	2
27917287431	540	2	2
15032385542	540	2	2
120259084291	536	2	2
32212254726	536	2	2
68719476748	532	2	2
19327352839	531	2	2
64424509451	523	2	2
57982058504	519	2	2
122406567944	513	2	2
66571993100	513	2	2
12884901950	513	2	2
4294967303	511	2	2
133143986183	510	2	2
124554051587	510	2	2
21474836488	508	2	2
60129542153	506	2	2
49392123911	504	2	2
8589934654	502	2	2
62277025802	499	2	2
38654705670	498	2	2
92341796868	497	2	2
79456894984	495	2	2
36507222022	493	2	2
15032385543	493	2	2
113816633347	490	2	2
103079215106	490	2	2
34359738374	489	2	2
23622320136	489	2	2
25769803784	488	2	2
64424509452	487	2	2
40802189318	485	2	2
12884901894	477	2	2
2147483711	477	2	2
118111600647	476	2	2
100931731458	476	2	2
6442451006	476	2	2
30064771079	473	2	2
88046829573	471	2	2
42949672966	468	2	2
47244640263	466	2	2
6442450951	462	2	2
60129542154	454	2	2
45097156615	453	2	2
135291469830	452	2	2
55834574856	451	2	2
19327352840	451	2	2
23622320137	447	2	2
19327352893	444	2	2
12884901949	444	2	2
77309411337	443	2	2
8589934599	442	2	2
32212254727	441	2	2
17179869192	439	2	2
66571993101	437	2	2
21474836489	434	2	2
17179869245	433	2	2
27917287432	430	2	2
15032385597	429	2	2
137438953478	421	2	2
96636764163	419	2	2
4294967358	418	2	2
2147483656	418	2	2
135291469827	417	2	2
57982058505	411	2	2
53687091208	410	2	2
36507222023	409	2	2
8589934653	408	2	2
124554051588	407	2	2
105226698754	407	2	2
64424509453	407	2	2
51539607560	405	2	2
75161927690	402	2	2
126701535239	401	2	2
126701535240	400	2	2
34359738375	400	2	2
42949672967	397	2	2
19327352841	397	2	2
15032385544	396	2	2
128849018886	393	2	2
25769803785	393	2	2
49392123912	391	2	2
12884901895	391	2	2
130996502535	390	2	2
115964116997	389	2	2
73014444043	389	2	2
62277025803	389	2	2
30064771080	388	2	2
40802189319	385	2	2
98784247811	384	2	2
21474836490	384	2	2
120259084292	383	2	2
38654705671	381	2	2
10737418247	379	2	2
55834574857	378	2	2
10737418301	375	2	2
62277025804	373	2	2
70866960396	368	2	2
17179869193	368	2	2
6442451005	368	2	2
23622320138	366	2	2
130996502536	362	2	2
128849018889	362	2	2
115964116998	360	2	2
133143986182	358	2	2
2147483709	356	2	2
122406567946	355	2	2
12884901896	355	2	2
109521666050	354	2	2
64424509454	354	2	2
4294967304	351	2	2
27917287433	350	2	2
6442450952	350	2	2
68719476749	349	2	2
32212254728	349	2	2
19327352842	349	2	2
62277025805	348	2	2
107374182402	342	2	2
47244640264	342	2	2
45097156616	338	2	2
60129542155	336	2	2
57982058506	333	2	2
85899345926	332	2	2
36507222024	329	2	2
34359738376	327	2	2
25769803786	327	2	2
17179869194	327	2	2
12884901948	323	2	2
118111600646	322	2	2
40802189320	321	2	2
21474836540	321	2	2
21474836491	321	2	2
15032385545	320	2	2
8589934652	320	2	2
15032385596	319	2	2
100931731459	311	2	2
38654705672	309	2	2
19327352843	309	2	2
17179869244	309	2	2
113816633348	306	2	2
4294967356	306	2	2
30064771081	305	2	2
53687091209	304	2	2
8589934600	304	2	2
62277025806	303	2	2
90194313221	302	2	2
32212254729	300	2	2
10737418248	299	2	2
2147483657	298	2	2
133143986184	297	2	2
19327352892	297	2	2
2147483710	296	2	2
55834574858	295	2	2
17179869195	295	2	2
57982058507	293	2	2
10737418300	292	2	2
60129542156	290	2	2
66571993102	286	2	2
23622320139	286	2	2
122406567943	285	2	2
94489280516	281	2	2
21474836492	281	2	2
42949672968	280	2	2
27917287434	280	2	2
60129542157	279	2	2
118111600648	278	2	2
62277025807	278	2	2
25769803787	278	2	2
113816633349	277	2	2
49392123913	277	2	2
30064771082	276	2	2
12884901897	276	2	2
4294967305	276	2	2
45097156617	272	2	2
10737418249	272	2	2
19327352844	268	2	2
51539607561	267	2	2
34359738377	267	2	2
83751862279	266	2	2
15032385546	266	2	2
135291469831	264	2	2
60129542158	264	2	2
118111600650	263	2	2
17179869196	261	2	2
53687091210	260	2	2
124554051590	258	2	2
10737418299	257	2	2
124554051589	256	2	2
15032385595	256	2	2
23622320187	255	2	2
4294967357	254	2	2
36507222025	253	2	2
27917287435	253	2	2
47244640265	252	2	2
6442451003	252	2	2
98784247812	250	2	2
135291469829	249	2	2
96636764164	249	2	2
2147483708	249	2	2
25769803788	248	2	2
23622320140	248	2	2
111669149699	247	2	2
21474836493	247	2	2
120259084293	243	2	2
55834574859	240	2	2
15032385547	240	2	2
64424509455	239	2	2
12884901947	238	2	2
8589934601	237	2	2
38654705673	236	2	2
81604378632	235	2	2
6442450953	235	2	2
2147483707	235	2	2
2147483658	235	2	2
60129542159	234	2	2
120259084294	233	2	2
32212254730	230	2	2
124554051591	229	2	2
19327352845	229	2	2
57982058508	228	2	2
12884901898	228	2	2
4294967355	228	2	2
130996502537	225	2	2
23622320141	225	2	2
17179869197	225	2	2
79456894985	224	2	2
21474836539	220	2	2
77309411338	219	2	2
40802189321	217	2	2
15032385548	216	2	2
60129542160	215	2	2
30064771083	215	2	2
4294967354	215	2	2
34359738378	214	2	2
19327352891	213	2	2
17179869243	212	2	2
128849018888	210	2	2
126701535241	209	2	2
103079215107	209	2	2
51539607562	208	2	2
45097156618	208	2	2
36507222026	208	2	2
21474836494	208	2	2
15032385549	208	2	2
62277025808	207	2	2
42949672969	206	2	2
12884901946	206	2	2
105226698755	205	2	2
8589934602	205	2	2
55834574860	203	2	2
8589934650	202	2	2
92341796869	201	2	2
126701535242	200	2	2
128849018890	199	2	2
53687091211	199	2	2
25769803789	199	2	2
19327352846	198	2	2
17179869198	198	2	2
6442451004	198	2	2
115964117000	197	2	2
75161927691	196	2	2
47244640266	195	2	2
10737418250	195	2	2
49392123914	193	2	2
51539607563	190	2	2
32212254731	190	2	2
27917287436	190	2	2
6442451002	187	2	2
6442450954	186	2	2
4294967306	186	2	2
70866960397	184	2	2
73014444044	183	2	2
88046829574	182	2	2
57982058509	182	2	2
17179869242	180	2	2
15032385593	178	2	2
15032385550	178	2	2
107374182403	177	2	2
30064771084	177	2	2
68719476750	176	2	2
17179869199	176	2	2
60129542161	175	2	2
8589934651	175	2	2
6442451001	175	2	2
122406567948	174	2	2
115964116999	174	2	2
57982058510	174	2	2
19327352847	174	2	2
111669149700	173	2	2
23622320142	173	2	2
12884901899	173	2	2
21474836495	171	2	2
66571993103	170	2	2
53687091212	169	2	2
21474836538	169	2	2
25769803834	168	2	2
23622320186	168	2	2
10737418251	168	2	2
122406567945	166	2	2
57982058511	166	2	2
17179869200	166	2	2
118111600649	165	2	2
27917287437	165	2	2
25769803790	165	2	2
94489280517	163	2	2
42949672970	163	2	2
45097156619	162	2	2
40802189322	161	2	2
34359738379	161	2	2
15032385594	160	2	2
12884901900	157	2	2
6442450955	157	2	2
2147483659	157	2	2
120259084295	156	2	2
118111600652	156	2	2
8589934649	156	2	2
109521666051	155	2	2
55834574861	155	2	2
57982058512	153	2	2
113816633350	152	2	2
100931731460	152	2	2
49392123915	152	2	2
19327352848	152	2	2
17179869201	152	2	6
8589934648	152	2	2
64424509456	150	2	2
51539607564	150	2	2
4294967307	150	2	2
38654705674	149	2	2
15032385551	149	2	2
47244640267	147	2	2
19327352890	145	2	2
19327352849	143	2	2
8589934603	143	2	2
21474836496	142	2	2
15032385553	142	2	6
62277025809	141	2	2
17179869202	141	2	6
15032385554	140	2	2
10737418297	140	2	2
49392123916	139	2	2
120259084296	138	2	2
23622320143	138	2	2
12884901901	137	2	2
120259084297	136	2	2
30064771085	135	2	2
27917287481	134	2	2
19327352850	134	2	2
15032385552	134	2	6
124554051593	133	2	2
85899345927	133	2	2
32212254732	133	2	2
23622320185	133	2	2
36507222027	132	2	2
25769803791	132	2	2
53687091213	131	2	2
17179869203	131	2	6
124554051592	129	2	2
57982058513	129	2	2
27917287438	127	2	2
96636764165	125	2	2
12884901902	125	2	2
19327352889	124	2	2
10737418252	124	2	2
21474836497	123	2	2
4294967308	123	2	2
15032385555	122	2	6
2147483660	122	2	2
8589934604	121	2	2
113816633351	120	2	2
57982058514	120	2	2
103079215108	119	2	2
17179869240	119	2	2
10737418298	119	2	2
30064771128	118	2	2
15032385556	118	2	6
12884901903	118	2	2
115964117003	117	2	2
40802189323	117	2	2
23622320144	117	2	2
2147483706	117	2	2
55834574863	116	2	2
55834574862	116	2	2
105226698756	115	2	2
60129542162	115	2	2
42949672971	114	2	2
10737418296	114	2	2
49392123917	112	2	2
90194313222	111	2	2
38654705675	110	2	2
12884901904	110	2	2
51539607565	109	2	2
45097156620	109	2	2
6442450956	109	2	2
55834574864	108	2	2
2147483704	107	2	2
21474836537	106	2	2
47244640268	105	2	2
4294967353	105	2	2
12884901905	104	2	6
25769803833	103	2	2
12884901906	103	2	2
10737418253	103	2	2
55834574865	102	2	2
34359738380	102	2	2
2147483661	102	2	2
126701535243	101	2	2
12884901945	101	2	2
55834574866	100	2	2
47244640269	100	2	2
12884901909	100	2	2
12884901907	100	2	6
10737418295	100	2	2
42949672972	99	2	2
21474836536	99	2	2
17179869241	99	2	2
12884901910	98	2	6
12884901908	98	2	6
51539607566	97	2	2
12884901944	97	2	2
6442451000	97	2	2
98784247813	94	2	2
111669149701	93	2	2
32212254733	91	2	2
111669149702	90	2	2
92341796870	90	2	2
40802189324	90	2	2
4294967309	90	2	2
83751862280	89	2	2
53687091215	89	2	2
36507222028	89	2	2
10737418254	89	2	2
115964117002	88	2	2
55834574867	88	2	2
15032385557	88	2	6
12884901943	88	2	2
100931731461	87	2	2
38654705676	87	2	2
19327352851	86	2	2
4294967351	86	2	2
17179869204	85	2	6
8589934647	85	2	2
122406567947	84	2	2
53687091214	84	2	2
49392123918	84	2	2
8589934605	84	2	2
6442450957	84	2	2
25769803832	83	2	2
10737418255	83	2	2
115964117001	82	2	2
47244640270	82	2	2
122406567949	81	2	2
118111600651	81	2	2
94489280518	81	2	2
53687091216	81	2	2
30064771086	81	2	2
27917287480	81	2	2
25769803792	81	2	2
21474836498	81	2	2
107374182404	80	2	2
23622320183	80	2	2
19327352887	80	2	2
57982058515	79	2	2
27917287439	79	2	2
23622320184	79	2	2
15032385590	79	2	2
81604378633	78	2	2
64424509457	78	2	2
45097156621	78	2	2
30064771127	78	2	2
10737418263	78	2	6
10737418262	78	2	2
103079215109	77	2	2
88046829575	77	2	2
45097156622	77	2	2
66571993104	76	2	2
32212254775	76	2	2
124554051594	75	2	2
15032385558	75	2	6
12884901942	75	2	2
10737418256	75	2	2
8589934606	75	2	2
79456894986	74	2	2
10737418261	74	2	2
2147483662	74	2	2
12884901911	73	2	6
10737418259	72	2	2
38654705677	71	2	2
10737418260	71	2	2
53687091217	70	2	2
6442450998	70	2	2
124554051595	69	2	2
42949672973	69	2	2
4294967310	69	2	2
113816633352	68	2	2
77309411339	68	2	2
49392123919	68	2	2
27917287479	68	2	2
10737418257	68	2	2
90194313223	67	2	2
23622320145	67	2	2
17179869205	67	2	6
15032385592	67	2	2
10737418258	67	2	6
34359738422	66	2	2
53687091218	65	2	2
40802189325	65	2	2
34359738381	65	2	2
120259084299	64	2	2
120259084298	64	2	2
70866960398	64	2	2
68719476751	64	2	2
105226698757	63	2	2
62277025810	63	2	2
8589934616	63	2	2
73014444045	62	2	2
15032385591	62	2	2
10737418294	62	2	2
118111600654	61	2	2
96636764166	61	2	2
100931731462	60	2	2
75161927692	60	2	2
21474836534	60	2	2
10737418264	60	2	6
8589934645	60	2	2
2147483663	60	2	2
98784247814	59	2	2
36507222029	59	2	2
19327352888	59	2	2
15032385589	59	2	2
8589934615	59	2	6
8589934613	59	2	2
115964117005	58	2	2
109521666052	58	2	2
92341796871	58	2	2
19327352852	58	2	6
8589934612	58	2	2
113816633353	57	2	2
30064771087	57	2	2
8589934617	57	2	2
8589934607	57	2	2
47244640271	56	2	2
55834574868	55	2	2
53687091220	55	2	2
53687091219	55	2	2
51539607568	55	2	2
30064771126	55	2	2
25769803830	55	2	2
8589934614	55	2	6
8589934608	55	2	2
60129542163	54	2	2
51539607569	54	2	2
51539607567	54	2	2
45097156623	54	2	2
6442450958	54	2	2
42949672974	53	2	2
8589934609	53	2	2
32212254734	52	2	2
25769803831	52	2	2
6442450969	52	2	2
6442450959	52	2	2
38654705678	51	2	2
32212254774	51	2	2
12884901941	51	2	2
23622320146	50	2	6
111669149704	49	2	2
21474836499	49	2	6
17179869237	49	2	2
4294967311	49	2	2
111669149703	48	2	2
88046829576	48	2	2
85899345928	48	2	2
42949672975	48	2	2
103079215110	47	2	2
36507222030	47	2	2
25769803793	47	2	2
40802189326	46	2	2
120259084300	45	2	2
23622320181	45	2	2
94489280519	44	2	2
51539607570	43	2	2
34359738421	43	2	2
27917287440	43	2	2
12884901912	43	2	6
45097156624	42	2	2
36507222069	42	2	2
32212254773	42	2	2
27917287477	42	2	2
15032385588	42	2	2
10737418292	42	2	2
8589934611	42	2	2
118111600653	41	2	2
115964117004	41	2	2
49392123920	41	2	2
47244640272	41	2	2
34359738382	41	2	2
15032385559	41	2	3
10737418265	41	2	6
120259084301	40	2	2
90194313224	40	2	2
21474836535	40	2	2
8589934618	40	2	3
6442450970	40	2	2
2147483664	40	2	2
113816633356	39	2	2
53687091221	39	2	2
51539607571	39	2	2
6442450960	39	2	2
4294967312	39	2	2
57982058516	38	2	2
42949672976	37	2	2
30064771124	37	2	3
8589934610	37	2	2
6442450968	37	2	2
6442450967	37	2	2
92341796872	36	2	2
49392123921	36	2	2
36507222031	36	2	2
30064771125	36	2	2
107374182405	35	2	2
100931731463	35	2	2
55834574869	35	2	2
49392123922	35	2	2
38654705679	35	2	2
17179869238	35	2	2
17179869206	35	2	6
105226698758	34	2	2
38654705716	34	2	2
27917287478	34	2	2
19327352853	34	2	6
2147483702	34	2	2
109521666053	33	2	3
98784247815	33	2	2
51539607572	33	2	2
32212254735	33	2	2
19327352884	33	2	2
17179869239	33	2	2
6442450971	33	2	3
6442450966	33	2	3
118111600655	32	2	2
83751862281	31	2	2
51539607573	31	2	2
45097156625	31	2	3
40802189327	31	2	2
34359738420	31	2	2
2147483665	31	2	2
47244640273	30	2	3
30064771088	30	2	2
6442450961	30	2	2
2147483705	30	2	2
113816633354	29	2	2
100931731464	29	2	2
96636764167	29	2	2
88046829577	29	2	2
23622320147	29	2	6
17179869236	29	2	2
113816633355	28	2	2
49392123923	28	2	3
6442450999	28	2	2
4294967349	28	2	2
4294967323	28	2	2
115964117007	27	2	2
85899345929	27	2	2
42949672977	27	2	2
8589934619	27	2	2
4294967352	27	2	2
4294967321	27	2	2
4294967313	27	2	2
103079215111	26	2	2
34359738383	26	2	2
23622320182	26	2	2
124554051596	25	2	2
90194313225	25	2	3
38654705680	25	2	2
25769803828	25	2	2
21474836531	25	2	2
21474836500	25	2	2
17179869235	25	2	2
10737418293	25	2	2
6442450996	25	2	2
6442450965	25	2	6
6442450963	25	2	2
6442450962	25	2	2
2147483666	25	2	2
40802189328	24	2	2
36507222068	24	2	2
36507222032	24	2	2
32212254771	24	2	2
25769803794	24	2	2
12884901939	24	2	2
98784247816	23	2	3
40802189329	23	2	2
10737418266	23	2	2
8589934646	23	2	2
4294967314	23	2	2
113816633358	22	2	3
81604378634	22	2	2
79456894987	22	2	2
57982058539	22	2	6
53687091222	22	2	2
51539607574	22	2	2
49392123924	22	2	2
40802189363	22	2	2
34359738384	22	2	2
19327352854	22	2	2
17179869207	22	2	6
12884901913	22	2	3
4294967324	22	2	3
109521666054	21	2	2
62277025833	21	2	2
38654705715	21	2	3
27917287475	21	2	2
27917287441	21	2	2
15032385560	21	2	3
8589934643	21	2	2
6442450972	21	2	3
4294967322	21	2	2
115964117006	20	2	3
109521666055	20	2	3
98784247817	20	2	3
64424509480	20	2	3
49392123925	20	2	3
34359738418	20	2	3
30064771122	20	2	2
19327352885	20	2	3
10737418290	20	2	3
6442450964	20	2	2
85899345930	19	2	2
60129542186	19	2	3
51539607575	19	2	2
47244640274	19	2	2
38654705681	19	2	3
36507222067	19	2	2
94489280520	18	2	3
49392123927	18	2	3
49392123926	18	2	3
47244640275	18	2	3
45097156626	18	2	3
42949672978	18	2	3
32212254736	18	2	3
23622320178	18	2	3
4294967320	18	2	3
2147483703	18	2	3
2147483667	18	2	2
113816633360	17	2	3
111669149707	17	2	3
55834574892	17	2	3
45097156627	17	2	3
42949673010	17	2	2
36507222033	17	2	2
32212254772	17	2	2
30064771089	17	2	3
19327352886	17	2	2
19327352883	17	2	3
4294967319	17	2	3
4294967315	17	2	2
113816633359	16	2	3
111669149713	16	2	3
111669149705	16	2	3
96636764168	16	2	3
88046829578	16	2	3
77309411340	16	2	3
40802189362	16	2	2
38654705712	16	2	3
34359738419	16	2	3
30064771123	16	2	3
25769803829	16	2	3
12884901923	16	2	3
12884901914	16	2	3
8589934620	16	2	3
2147483676	16	2	2
115964117008	15	2	3
113816633357	15	2	3
111669149706	15	2	3
107374182406	15	2	3
83751862282	15	2	3
66571993127	15	2	3
49392123928	15	2	3
45097156628	15	2	3
40802189361	15	2	3
38654705683	15	2	2
38654705682	15	2	3
34359738385	15	2	3
32212254769	15	2	3
23622320148	15	2	3
2147483701	15	2	3
2147483699	15	2	2
2147483675	15	2	3
120259084302	0	2	0
113816633361	0	2	0
111669149714	0	2	0
111669149712	0	2	0
111669149711	0	2	0
111669149710	0	2	0
111669149709	0	2	0
111669149708	0	2	0
109521666067	0	2	0
109521666066	0	2	0
109521666065	0	2	0
109521666064	0	2	0
109521666063	0	2	0
109521666062	0	2	0
109521666061	0	2	0
109521666060	0	2	0
109521666059	0	2	0
109521666058	0	2	0
109521666057	0	2	0
109521666056	0	2	0
107374182420	0	2	0
107374182419	0	2	0
107374182418	0	2	0
107374182417	0	2	0
107374182416	0	2	0
107374182415	0	2	0
107374182414	0	2	0
107374182413	0	2	0
107374182412	0	2	0
107374182411	0	2	0
107374182410	0	2	0
107374182409	0	2	0
107374182408	0	2	0
107374182407	0	2	0
105226698773	0	2	0
105226698772	0	2	0
105226698771	0	2	0
105226698770	0	2	0
105226698769	0	2	0
105226698768	0	2	0
105226698767	0	2	0
105226698766	0	2	0
105226698765	0	2	0
105226698764	0	2	0
105226698763	0	2	0
105226698762	0	2	0
105226698761	0	2	0
105226698760	0	2	0
105226698759	0	2	0
103079215126	0	2	0
103079215125	0	2	0
103079215124	0	2	0
103079215123	0	2	0
103079215122	0	2	0
103079215121	0	2	0
103079215120	0	2	0
103079215119	0	2	0
103079215118	0	2	0
103079215117	0	2	0
103079215116	0	2	0
103079215115	0	2	0
103079215114	0	2	0
103079215113	0	2	0
103079215112	0	2	0
100931731479	0	2	0
100931731478	0	2	0
100931731477	0	2	0
100931731476	0	2	0
100931731475	0	2	0
100931731474	0	2	0
100931731473	0	2	0
100931731472	0	2	0
100931731471	0	2	0
100931731470	0	2	0
100931731469	0	2	0
100931731468	0	2	0
100931731467	0	2	0
100931731466	0	2	0
100931731465	0	2	0
98784247832	0	2	0
98784247831	0	2	0
98784247830	0	2	0
98784247829	0	2	0
98784247828	0	2	0
98784247827	0	2	0
98784247826	0	2	0
98784247825	0	2	0
98784247824	0	2	0
98784247823	0	2	0
98784247822	0	2	0
98784247821	0	2	0
98784247820	0	2	0
98784247819	0	2	0
98784247818	0	2	0
96636764185	0	2	0
96636764184	0	2	0
96636764183	0	2	0
96636764182	0	2	0
96636764181	0	2	0
96636764180	0	2	0
96636764179	0	2	0
96636764178	0	2	0
96636764177	0	2	0
96636764176	0	2	0
96636764175	0	2	0
96636764174	0	2	0
96636764173	0	2	0
96636764172	0	2	0
96636764171	0	2	0
96636764170	0	2	0
96636764169	0	2	0
94489280538	0	2	0
94489280537	0	2	0
94489280536	0	2	0
94489280535	0	2	0
94489280534	0	2	0
94489280533	0	2	0
94489280532	0	2	0
94489280531	0	2	0
94489280530	0	2	0
94489280529	0	2	0
94489280528	0	2	0
94489280527	0	2	0
94489280526	0	2	0
94489280525	0	2	0
94489280524	0	2	0
94489280523	0	2	0
94489280522	0	2	0
94489280521	0	2	0
92341796891	0	2	0
92341796890	0	2	0
92341796889	0	2	0
92341796888	0	2	0
92341796887	0	2	0
92341796886	0	2	0
92341796885	0	2	0
92341796884	0	2	0
92341796883	0	2	0
92341796882	0	2	0
92341796881	0	2	0
92341796880	0	2	0
92341796879	0	2	0
92341796878	0	2	0
92341796877	0	2	0
92341796876	0	2	0
92341796875	0	2	0
92341796874	0	2	0
92341796873	0	2	0
90194313244	0	2	0
90194313243	0	2	0
90194313242	0	2	0
90194313241	0	2	0
90194313240	0	2	0
90194313239	0	2	0
90194313238	0	2	0
90194313237	0	2	0
90194313236	0	2	0
90194313235	0	2	0
90194313234	0	2	0
90194313233	0	2	0
90194313232	0	2	0
90194313231	0	2	0
90194313230	0	2	0
90194313229	0	2	0
90194313228	0	2	0
90194313227	0	2	0
90194313226	0	2	0
88046829597	0	2	0
88046829596	0	2	0
88046829595	0	2	0
88046829594	0	2	0
88046829593	0	2	0
88046829592	0	2	0
88046829591	0	2	0
88046829590	0	2	0
88046829589	0	2	0
88046829588	0	2	0
88046829587	0	2	0
88046829586	0	2	0
88046829585	0	2	0
88046829584	0	2	0
88046829583	0	2	0
88046829582	0	2	0
88046829581	0	2	0
88046829580	0	2	0
88046829579	0	2	0
85899345950	0	2	0
85899345949	0	2	0
85899345948	0	2	0
85899345947	0	2	0
85899345946	0	2	0
85899345945	0	2	0
85899345944	0	2	0
85899345943	0	2	0
85899345942	0	2	0
85899345941	0	2	0
85899345940	0	2	0
85899345939	0	2	0
85899345938	0	2	0
85899345937	0	2	0
85899345936	0	2	0
85899345935	0	2	0
85899345934	0	2	0
85899345933	0	2	0
85899345932	0	2	0
85899345931	0	2	0
83751862303	0	2	0
83751862302	0	2	0
83751862301	0	2	0
83751862300	0	2	0
83751862299	0	2	0
83751862298	0	2	0
83751862297	0	2	0
83751862296	0	2	0
83751862295	0	2	0
83751862294	0	2	0
83751862293	0	2	0
83751862292	0	2	0
83751862291	0	2	0
83751862290	0	2	0
83751862289	0	2	0
83751862288	0	2	0
83751862287	0	2	0
83751862286	0	2	0
83751862285	0	2	0
83751862284	0	2	0
83751862283	0	2	0
81604378656	0	2	0
81604378655	0	2	0
81604378654	0	2	0
81604378653	0	2	0
81604378652	0	2	0
81604378651	0	2	0
81604378650	0	2	0
81604378649	0	2	0
81604378648	0	2	0
81604378647	0	2	0
81604378646	0	2	0
81604378645	0	2	0
81604378644	0	2	0
81604378643	0	2	0
81604378642	0	2	0
81604378641	0	2	0
81604378640	0	2	0
81604378639	0	2	0
81604378638	0	2	0
81604378637	0	2	0
81604378636	0	2	0
81604378635	0	2	0
79456895009	0	2	0
79456895008	0	2	0
79456895007	0	2	0
79456895006	0	2	0
79456895005	0	2	0
79456895004	0	2	0
79456895003	0	2	0
79456895002	0	2	0
79456895001	0	2	0
79456895000	0	2	0
79456894999	0	2	0
79456894998	0	2	0
79456894997	0	2	0
79456894996	0	2	0
79456894995	0	2	0
79456894994	0	2	0
79456894993	0	2	0
79456894992	0	2	0
79456894991	0	2	0
79456894990	0	2	0
79456894989	0	2	0
79456894988	0	2	0
77309411362	0	2	0
77309411361	0	2	0
77309411360	0	2	0
77309411359	0	2	0
77309411358	0	2	0
77309411357	0	2	0
77309411356	0	2	0
77309411355	0	2	0
77309411354	0	2	0
77309411353	0	2	0
77309411352	0	2	0
77309411351	0	2	0
77309411350	0	2	0
77309411349	0	2	0
77309411348	0	2	0
77309411347	0	2	0
77309411346	0	2	0
77309411345	0	2	0
77309411344	0	2	0
77309411343	0	2	0
77309411342	0	2	0
77309411341	0	2	0
75161927715	0	2	0
75161927714	0	2	0
75161927713	0	2	0
75161927712	0	2	0
75161927711	0	2	0
75161927710	0	2	0
75161927709	0	2	0
75161927708	0	2	0
75161927707	0	2	0
75161927706	0	2	0
75161927705	0	2	0
75161927704	0	2	0
75161927703	0	2	0
75161927702	0	2	0
75161927701	0	2	0
75161927700	0	2	0
75161927699	0	2	0
75161927698	0	2	0
75161927697	0	2	0
75161927696	0	2	0
75161927695	0	2	0
75161927694	0	2	0
75161927693	0	2	0
73014444068	0	2	0
73014444067	0	2	0
73014444066	0	2	0
73014444065	0	2	0
73014444064	0	2	0
73014444063	0	2	0
73014444062	0	2	0
73014444061	0	2	0
73014444060	0	2	0
73014444059	0	2	0
73014444058	0	2	0
73014444057	0	2	0
73014444056	0	2	0
73014444055	0	2	0
73014444054	0	2	0
73014444053	0	2	0
73014444052	0	2	0
73014444051	0	2	0
73014444050	0	2	0
73014444049	0	2	0
73014444048	0	2	0
73014444047	0	2	0
73014444046	0	2	0
70866960421	0	2	0
70866960420	0	2	0
70866960419	0	2	0
70866960418	0	2	0
70866960417	0	2	0
70866960416	0	2	0
70866960415	0	2	0
70866960414	0	2	0
70866960413	0	2	0
70866960412	0	2	0
70866960411	0	2	0
70866960410	0	2	0
70866960409	0	2	0
70866960408	0	2	0
70866960407	0	2	0
70866960406	0	2	0
70866960405	0	2	0
70866960404	0	2	0
70866960403	0	2	0
70866960402	0	2	0
70866960401	0	2	0
70866960400	0	2	0
70866960399	0	2	0
68719476774	0	2	0
68719476773	0	2	0
68719476772	0	2	0
68719476771	0	2	0
68719476770	0	2	0
68719476769	0	2	0
68719476768	0	2	0
68719476767	0	2	0
68719476766	0	2	0
68719476765	0	2	0
68719476764	0	2	0
68719476763	0	2	0
68719476762	0	2	0
68719476761	0	2	0
68719476760	0	2	0
68719476759	0	2	0
68719476758	0	2	0
68719476757	0	2	0
68719476756	0	2	0
68719476755	0	2	0
68719476754	0	2	0
68719476753	0	2	0
68719476752	0	2	0
66571993126	0	2	0
66571993125	0	2	0
66571993124	0	2	0
66571993123	0	2	0
66571993122	0	2	0
66571993121	0	2	0
66571993120	0	2	0
66571993119	0	2	0
66571993118	0	2	0
66571993117	0	2	0
66571993116	0	2	0
66571993115	0	2	0
66571993114	0	2	0
66571993113	0	2	0
66571993112	0	2	0
66571993111	0	2	0
66571993110	0	2	0
66571993109	0	2	0
66571993108	0	2	0
66571993107	0	2	0
66571993106	0	2	0
66571993105	0	2	0
64424509479	0	2	0
64424509478	0	2	0
64424509477	0	2	0
64424509476	0	2	0
64424509475	0	2	0
64424509474	0	2	0
64424509473	0	2	0
64424509472	0	2	0
64424509471	0	2	0
64424509470	0	2	0
64424509469	0	2	0
64424509468	0	2	0
64424509467	0	2	0
64424509466	0	2	0
64424509465	0	2	0
64424509464	0	2	0
64424509463	0	2	0
64424509462	0	2	0
64424509461	0	2	0
64424509460	0	2	0
64424509459	0	2	0
64424509458	0	2	0
62277025832	0	2	0
62277025831	0	2	0
62277025830	0	2	0
62277025829	0	2	0
62277025828	0	2	0
62277025827	0	2	0
62277025826	0	2	0
62277025825	0	2	0
62277025824	0	2	0
62277025823	0	2	0
62277025822	0	2	0
62277025821	0	2	0
62277025820	0	2	0
62277025819	0	2	0
62277025818	0	2	0
62277025817	0	2	0
62277025816	0	2	0
62277025815	0	2	0
62277025814	0	2	0
62277025813	0	2	0
62277025812	0	2	0
62277025811	0	2	0
60129542185	0	2	0
60129542184	0	2	0
60129542183	0	2	0
60129542182	0	2	0
60129542181	0	2	0
60129542180	0	2	0
60129542179	0	2	0
60129542178	0	2	0
60129542177	0	2	0
60129542176	0	2	0
60129542175	0	2	0
60129542174	0	2	0
60129542173	0	2	0
60129542172	0	2	0
60129542171	0	2	0
60129542170	0	2	0
60129542169	0	2	0
60129542168	0	2	0
60129542167	0	2	0
60129542166	0	2	0
60129542165	0	2	0
60129542164	0	2	0
57982058538	0	2	0
57982058537	0	2	0
57982058536	0	2	0
57982058535	0	2	0
57982058534	0	2	0
57982058533	0	2	0
57982058532	0	2	0
57982058531	0	2	0
57982058530	0	2	0
57982058529	0	2	0
57982058528	0	2	0
57982058527	0	2	0
57982058526	0	2	0
57982058525	0	2	0
57982058524	0	2	0
57982058523	0	2	0
57982058522	0	2	0
57982058521	0	2	0
57982058520	0	2	0
57982058519	0	2	0
57982058518	0	2	0
57982058517	0	2	0
55834574891	0	2	0
55834574890	0	2	0
55834574889	0	2	0
55834574888	0	2	0
55834574887	0	2	0
55834574886	0	2	0
55834574885	0	2	0
55834574884	0	2	0
55834574883	0	2	0
55834574882	0	2	0
55834574881	0	2	0
55834574880	0	2	0
55834574879	0	2	0
55834574878	0	2	0
55834574877	0	2	0
55834574876	0	2	0
55834574875	0	2	0
55834574874	0	2	0
55834574873	0	2	0
55834574872	0	2	0
55834574871	0	2	0
55834574870	0	2	0
53687091245	0	2	0
53687091244	0	2	0
53687091243	0	2	0
53687091242	0	2	0
53687091241	0	2	0
53687091240	0	2	0
53687091239	0	2	0
53687091238	0	2	0
53687091237	0	2	0
53687091236	0	2	0
53687091235	0	2	0
53687091234	0	2	0
53687091233	0	2	0
53687091232	0	2	0
53687091231	0	2	0
53687091230	0	2	0
53687091229	0	2	0
53687091228	0	2	0
53687091227	0	2	0
53687091226	0	2	0
53687091225	0	2	0
53687091224	0	2	0
53687091223	0	2	0
51539607598	0	2	0
51539607597	0	2	0
51539607596	0	2	0
51539607595	0	2	0
51539607594	0	2	0
51539607593	0	2	0
51539607592	0	2	0
51539607591	0	2	0
51539607590	0	2	0
51539607589	0	2	0
51539607588	0	2	0
51539607587	0	2	0
51539607586	0	2	0
51539607585	0	2	0
51539607584	0	2	0
51539607583	0	2	0
51539607582	0	2	0
51539607581	0	2	0
51539607580	0	2	0
51539607579	0	2	0
51539607578	0	2	0
51539607577	0	2	0
51539607576	0	2	0
49392123951	0	2	0
49392123950	0	2	0
49392123949	0	2	0
49392123948	0	2	0
49392123947	0	2	0
49392123946	0	2	0
49392123945	0	2	0
49392123944	0	2	0
49392123943	0	2	0
49392123942	0	2	0
49392123941	0	2	0
49392123940	0	2	0
49392123939	0	2	0
49392123938	0	2	0
49392123937	0	2	0
49392123936	0	2	0
49392123935	0	2	0
49392123934	0	2	0
49392123933	0	2	0
49392123932	0	2	0
49392123931	0	2	0
49392123930	0	2	0
49392123929	0	2	0
47244640304	0	2	0
47244640303	0	2	0
47244640302	0	2	0
47244640301	0	2	0
47244640300	0	2	0
47244640299	0	2	0
47244640298	0	2	0
47244640297	0	2	0
47244640296	0	2	0
47244640295	0	2	0
47244640294	0	2	0
47244640293	0	2	0
47244640292	0	2	0
47244640291	0	2	0
47244640290	0	2	0
47244640289	0	2	0
47244640288	0	2	0
47244640287	0	2	0
47244640286	0	2	0
47244640285	0	2	0
47244640284	0	2	0
47244640283	0	2	0
47244640282	0	2	0
47244640281	0	2	0
47244640280	0	2	0
47244640279	0	2	0
47244640278	0	2	0
47244640277	0	2	0
47244640276	0	2	0
45097156657	0	2	0
45097156656	0	2	0
45097156655	0	2	0
45097156654	0	2	0
45097156653	0	2	0
45097156652	0	2	0
45097156651	0	2	0
45097156650	0	2	0
45097156649	0	2	0
45097156648	0	2	0
45097156647	0	2	0
45097156646	0	2	0
45097156645	0	2	0
45097156644	0	2	0
45097156643	0	2	0
45097156642	0	2	0
45097156641	0	2	0
45097156640	0	2	0
45097156639	0	2	0
45097156638	0	2	0
45097156637	0	2	0
45097156636	0	2	0
45097156635	0	2	0
45097156634	0	2	0
45097156633	0	2	0
45097156632	0	2	0
45097156631	0	2	0
45097156630	0	2	0
45097156629	0	2	0
42949673009	0	2	0
42949673008	0	2	0
42949673007	0	2	0
42949673006	0	2	0
42949673005	0	2	0
42949673004	0	2	0
42949673003	0	2	0
42949673002	0	2	0
42949673001	0	2	0
42949673000	0	2	0
42949672999	0	2	0
42949672998	0	2	0
42949672997	0	2	0
42949672996	0	2	0
42949672995	0	2	0
42949672994	0	2	0
42949672993	0	2	0
42949672992	0	2	0
42949672991	0	2	0
42949672990	0	2	0
42949672989	0	2	0
42949672988	0	2	0
42949672987	0	2	0
42949672986	0	2	0
42949672985	0	2	0
42949672984	0	2	0
42949672983	0	2	0
42949672982	0	2	0
42949672981	0	2	0
42949672980	0	2	0
42949672979	0	2	0
40802189360	0	2	0
40802189359	0	2	0
40802189358	0	2	0
40802189357	0	2	0
40802189356	0	2	0
40802189355	0	2	0
40802189354	0	2	0
40802189353	0	2	0
40802189352	0	2	0
40802189351	0	2	0
40802189350	0	2	0
40802189349	0	2	0
40802189348	0	2	0
40802189347	0	2	0
40802189346	0	2	0
40802189345	0	2	0
40802189344	0	2	0
40802189343	0	2	0
40802189342	0	2	0
40802189341	0	2	0
40802189340	0	2	0
40802189339	0	2	0
40802189338	0	2	0
40802189337	0	2	0
40802189336	0	2	0
40802189335	0	2	0
40802189334	0	2	0
40802189333	0	2	0
40802189332	0	2	0
40802189331	0	2	0
40802189330	0	2	0
38654705714	0	2	0
38654705713	0	2	0
38654705711	0	2	0
38654705710	0	2	0
38654705709	0	2	0
38654705708	0	2	0
38654705707	0	2	0
38654705706	0	2	0
38654705705	0	2	0
38654705704	0	2	0
38654705703	0	2	0
38654705702	0	2	0
38654705701	0	2	0
38654705700	0	2	0
38654705699	0	2	0
38654705698	0	2	0
38654705697	0	2	0
38654705696	0	2	0
38654705695	0	2	0
38654705694	0	2	0
38654705693	0	2	0
38654705692	0	2	0
38654705691	0	2	0
38654705690	0	2	0
38654705689	0	2	0
38654705688	0	2	0
38654705687	0	2	0
38654705686	0	2	0
38654705685	0	2	0
38654705684	0	2	0
36507222066	0	2	0
36507222065	0	2	0
36507222064	0	2	0
36507222063	0	2	0
36507222062	0	2	0
36507222061	0	2	0
36507222060	0	2	0
36507222059	0	2	0
36507222058	0	2	0
36507222057	0	2	0
36507222056	0	2	0
36507222055	0	2	0
36507222054	0	2	0
36507222053	0	2	0
36507222052	0	2	0
36507222051	0	2	0
36507222050	0	2	0
36507222049	0	2	0
36507222048	0	2	0
36507222047	0	2	0
36507222046	0	2	0
36507222045	0	2	0
36507222044	0	2	0
36507222043	0	2	0
36507222042	0	2	0
36507222041	0	2	0
36507222040	0	2	0
36507222039	0	2	0
36507222038	0	2	0
36507222037	0	2	0
36507222036	0	2	0
36507222035	0	2	0
36507222034	0	2	0
34359738417	0	2	0
34359738416	0	2	0
34359738415	0	2	0
34359738414	0	2	0
34359738413	0	2	0
34359738412	0	2	0
34359738411	0	2	0
34359738410	0	2	0
34359738409	0	2	0
34359738408	0	2	0
34359738407	0	2	0
34359738406	0	2	0
34359738405	0	2	0
34359738404	0	2	0
34359738403	0	2	0
34359738402	0	2	0
34359738401	0	2	0
34359738400	0	2	0
34359738399	0	2	0
34359738398	0	2	0
34359738397	0	2	0
34359738396	0	2	0
34359738395	0	2	0
34359738394	0	2	0
34359738393	0	2	0
34359738392	0	2	0
34359738391	0	2	0
34359738390	0	2	0
34359738389	0	2	0
34359738388	0	2	0
34359738387	0	2	0
34359738386	0	2	0
32212254770	0	2	0
32212254768	0	2	0
32212254767	0	2	0
32212254766	0	2	0
32212254765	0	2	0
32212254764	0	2	0
32212254763	0	2	0
32212254762	0	2	0
32212254761	0	2	0
32212254760	0	2	0
32212254759	0	2	0
32212254758	0	2	0
32212254757	0	2	0
32212254756	0	2	0
32212254755	0	2	0
32212254754	0	2	0
32212254753	0	2	0
32212254752	0	2	0
32212254751	0	2	0
32212254750	0	2	0
32212254749	0	2	0
32212254748	0	2	0
32212254747	0	2	0
32212254746	0	2	0
32212254745	0	2	0
32212254744	0	2	0
32212254743	0	2	0
32212254742	0	2	0
32212254741	0	2	0
32212254740	0	2	0
32212254739	0	2	0
32212254738	0	2	0
32212254737	0	2	0
30064771121	0	2	0
30064771120	0	2	0
30064771119	0	2	0
30064771118	0	2	0
30064771117	0	2	0
30064771116	0	2	0
30064771115	0	2	0
30064771114	0	2	0
30064771113	0	2	0
30064771112	0	2	0
30064771111	0	2	0
30064771110	0	2	0
30064771109	0	2	0
30064771108	0	2	0
30064771107	0	2	0
30064771106	0	2	0
30064771105	0	2	0
30064771104	0	2	0
30064771103	0	2	0
30064771102	0	2	0
30064771101	0	2	0
30064771100	0	2	0
30064771099	0	2	0
30064771098	0	2	0
30064771097	0	2	0
30064771096	0	2	0
30064771095	0	2	0
30064771094	0	2	0
30064771093	0	2	0
30064771092	0	2	0
30064771091	0	2	0
30064771090	0	2	0
27917287476	0	2	0
27917287474	0	2	0
27917287473	0	2	0
27917287472	0	2	0
27917287471	0	2	0
27917287470	0	2	0
27917287469	0	2	0
27917287468	0	2	0
27917287467	0	2	0
27917287466	0	2	0
27917287465	0	2	0
27917287464	0	2	0
27917287463	0	2	0
27917287462	0	2	0
27917287461	0	2	0
27917287460	0	2	0
27917287459	0	2	0
27917287458	0	2	0
27917287457	0	2	0
27917287456	0	2	0
27917287455	0	2	0
27917287454	0	2	0
27917287453	0	2	0
27917287452	0	2	0
27917287451	0	2	0
27917287450	0	2	0
27917287449	0	2	0
27917287448	0	2	0
27917287447	0	2	0
27917287446	0	2	0
27917287445	0	2	0
27917287444	0	2	0
27917287443	0	2	0
27917287442	0	2	0
25769803827	0	2	0
25769803826	0	2	0
25769803825	0	2	0
25769803824	0	2	0
25769803823	0	2	0
25769803822	0	2	0
25769803821	0	2	0
25769803820	0	2	0
25769803819	0	2	0
25769803818	0	2	0
25769803817	0	2	0
25769803816	0	2	0
25769803815	0	2	0
25769803814	0	2	0
25769803813	0	2	0
25769803812	0	2	0
25769803811	0	2	0
25769803810	0	2	0
25769803809	0	2	0
25769803808	0	2	0
25769803807	0	2	0
25769803806	0	2	0
25769803805	0	2	0
25769803804	0	2	0
25769803803	0	2	0
25769803802	0	2	0
25769803801	0	2	0
25769803800	0	2	0
25769803799	0	2	0
25769803798	0	2	0
25769803797	0	2	0
25769803796	0	2	0
25769803795	0	2	0
23622320180	0	2	0
23622320179	0	2	0
23622320177	0	2	0
23622320176	0	2	0
23622320175	0	2	0
23622320174	0	2	0
23622320173	0	2	0
23622320172	0	2	0
23622320171	0	2	0
23622320170	0	2	0
23622320169	0	2	0
23622320168	0	2	0
23622320167	0	2	0
23622320166	0	2	0
23622320165	0	2	0
23622320164	0	2	0
23622320163	0	2	0
23622320162	0	2	0
23622320161	0	2	0
23622320160	0	2	0
23622320159	0	2	0
23622320158	0	2	0
23622320157	0	2	0
23622320156	0	2	0
23622320155	0	2	0
23622320154	0	2	0
23622320153	0	2	0
23622320152	0	2	0
23622320151	0	2	0
23622320150	0	2	0
23622320149	0	2	0
21474836533	0	2	0
21474836532	0	2	0
21474836530	0	2	0
21474836529	0	2	0
21474836528	0	2	0
21474836527	0	2	0
21474836526	0	2	0
21474836525	0	2	0
21474836524	0	2	0
21474836523	0	2	0
21474836522	0	2	0
21474836521	0	2	0
21474836520	0	2	0
21474836519	0	2	0
21474836518	0	2	0
21474836517	0	2	0
21474836516	0	2	0
21474836515	0	2	0
21474836514	0	2	0
21474836513	0	2	0
21474836512	0	2	0
21474836511	0	2	0
21474836510	0	2	0
21474836509	0	2	0
21474836508	0	2	0
21474836507	0	2	0
21474836506	0	2	0
21474836505	0	2	0
21474836504	0	2	0
21474836503	0	2	0
21474836502	0	2	0
21474836501	0	2	0
19327352882	0	2	0
19327352881	0	2	0
19327352880	0	2	0
19327352879	0	2	0
19327352878	0	2	0
19327352877	0	2	0
19327352876	0	2	0
19327352875	0	2	0
19327352874	0	2	0
19327352873	0	2	0
19327352872	0	2	0
19327352871	0	2	0
19327352870	0	2	0
19327352869	0	2	0
19327352868	0	2	0
19327352867	0	2	0
19327352866	0	2	0
19327352865	0	2	0
19327352864	0	2	0
19327352863	0	2	0
19327352862	0	2	0
19327352861	0	2	0
19327352860	0	2	0
19327352859	0	2	0
19327352858	0	2	0
19327352857	0	2	0
19327352856	0	2	0
19327352855	0	2	0
17179869234	0	2	0
17179869233	0	2	0
17179869232	0	2	0
17179869231	0	2	0
17179869230	0	2	0
17179869229	0	2	0
17179869228	0	2	0
17179869227	0	2	0
17179869226	0	2	0
17179869225	0	2	0
17179869224	0	2	0
17179869223	0	2	0
17179869222	0	2	0
17179869221	0	2	0
17179869220	0	2	0
17179869219	0	2	0
17179869218	0	2	0
17179869217	0	2	0
17179869216	0	2	0
17179869215	0	2	0
17179869214	0	2	0
17179869213	0	2	0
17179869212	0	2	0
17179869211	0	2	0
17179869210	0	2	0
17179869209	0	2	0
17179869208	0	2	0
15032385587	0	2	0
15032385586	0	2	0
15032385585	0	2	0
15032385584	0	2	0
15032385583	0	2	0
15032385582	0	2	0
15032385581	0	2	0
15032385580	0	2	0
15032385579	0	2	0
15032385578	0	2	0
15032385577	0	2	0
15032385576	0	2	0
15032385575	0	2	0
15032385574	0	2	0
15032385573	0	2	0
15032385572	0	2	0
15032385571	0	2	0
15032385570	0	2	0
15032385569	0	2	0
15032385568	0	2	0
15032385567	0	2	0
15032385566	0	2	0
15032385565	0	2	0
15032385564	0	2	0
15032385563	0	2	0
15032385562	0	2	0
15032385561	0	2	0
12884901940	0	2	0
12884901938	0	2	0
12884901937	0	2	0
12884901936	0	2	0
12884901935	0	2	0
12884901934	0	2	0
12884901933	0	2	0
12884901932	0	2	0
12884901931	0	2	0
12884901930	0	2	0
12884901929	0	2	0
12884901928	0	2	0
12884901927	0	2	0
12884901926	0	2	0
12884901925	0	2	0
12884901924	0	2	0
12884901922	0	2	0
12884901921	0	2	0
12884901920	0	2	0
12884901919	0	2	0
12884901918	0	2	0
12884901917	0	2	0
12884901916	0	2	0
12884901915	0	2	0
10737418291	0	2	0
10737418289	0	2	0
10737418288	0	2	0
10737418287	0	2	0
10737418286	0	2	0
10737418285	0	2	0
10737418284	0	2	0
10737418283	0	2	0
10737418282	0	2	0
10737418281	0	2	0
10737418280	0	2	0
10737418279	0	2	0
10737418278	0	2	0
10737418277	0	2	0
10737418276	0	2	0
10737418275	0	2	0
10737418274	0	2	0
10737418273	0	2	0
10737418272	0	2	0
10737418271	0	2	0
10737418270	0	2	0
10737418269	0	2	0
10737418268	0	2	0
10737418267	0	2	0
8589934644	0	2	0
8589934642	0	2	0
8589934641	0	2	0
8589934640	0	2	0
8589934639	0	2	0
8589934638	0	2	0
8589934637	0	2	0
8589934636	0	2	0
8589934635	0	2	0
8589934634	0	2	0
8589934633	0	2	0
8589934632	0	2	0
8589934631	0	2	0
8589934630	0	2	0
8589934629	0	2	0
8589934628	0	2	0
8589934627	0	2	0
8589934626	0	2	0
8589934625	0	2	0
8589934624	0	2	0
8589934623	0	2	0
8589934622	0	2	0
8589934621	0	2	0
6442450997	0	2	0
6442450995	0	2	0
6442450994	0	2	0
6442450993	0	2	0
6442450992	0	2	0
6442450991	0	2	0
6442450990	0	2	0
6442450989	0	2	0
6442450988	0	2	0
6442450987	0	2	0
6442450986	0	2	0
6442450985	0	2	0
6442450984	0	2	0
6442450983	0	2	0
6442450982	0	2	0
6442450981	0	2	0
6442450980	0	2	0
6442450979	0	2	0
6442450978	0	2	0
6442450977	0	2	0
6442450976	0	2	0
6442450975	0	2	0
6442450974	0	2	0
6442450973	0	2	0
4294967350	0	2	0
4294967348	0	2	0
4294967347	0	2	0
4294967346	0	2	0
4294967345	0	2	0
4294967344	0	2	0
4294967343	0	2	0
4294967342	0	2	0
4294967341	0	2	0
4294967340	0	2	0
4294967339	0	2	0
4294967338	0	2	0
4294967337	0	2	0
4294967336	0	2	0
4294967335	0	2	0
4294967334	0	2	0
4294967333	0	2	0
4294967332	0	2	0
4294967331	0	2	0
4294967330	0	2	0
4294967329	0	2	0
4294967328	0	2	0
4294967327	0	2	0
4294967326	0	2	0
4294967325	0	2	0
4294967318	0	2	0
4294967317	0	2	0
4294967316	0	2	0
2147483700	0	2	0
2147483698	0	2	0
2147483697	0	2	0
2147483696	0	2	0
2147483695	0	2	0
2147483694	0	2	0
2147483693	0	2	0
2147483692	0	2	0
2147483691	0	2	0
2147483690	0	2	0
2147483689	0	2	0
2147483688	0	2	0
2147483687	0	2	0
2147483686	0	2	0
2147483685	0	2	0
2147483684	0	2	0
2147483683	0	2	0
2147483682	0	2	0
2147483681	0	2	0
2147483680	0	2	0
2147483679	0	2	0
2147483678	0	2	0
2147483677	0	2	0
2147483674	0	2	0
2147483673	0	2	0
2147483672	0	2	0
2147483671	0	2	0
2147483670	0	2	0
2147483669	0	2	0
2147483668	0	2	0
