96636764162
92341796865
94489280513
27917287425
73014444033
38654705665
90194313220
118111600641
77309411329
92341796868
38654705666
88046829570
85899345937
85899345936
85899345935
83751862290
83751862289
83751862288
81604378643
81604378642
81604378641
81604378638
79456894994
79456894991
79456894990
77309411344
77309411343
75161927696
73014444049
73014444048
70866960408
70866960401
68719476761
68719476753
66571993114
66571993113
66571993112
66571993110
66571993109
66571993106
66571993105
66571993104
66571993103
66571993102
66571993101
66571993100
66571993099
64424509467
64424509466
64424509465
64424509464
64424509463
64424509462
64424509461
64424509459
64424509458
64424509457
64424509456
64424509455
64424509454
64424509453
64424509451
62277025820
62277025819
62277025818
62277025817
62277025816
62277025815
62277025814
62277025813
62277025812
62277025810
62277025809
62277025808
62277025807
62277025806
62277025805
62277025804
60129542173
60129542172
60129542171
60129542170
60129542169
60129542168
60129542167
60129542166
60129542164
60129542163
60129542162
60129542161
60129542160
60129542159
60129542158
60129542157
57982058525
57982058524
57982058523
57982058522
57982058520
57982058515
57982058514
57982058513
57982058511
55834574879
55834574878
55834574877
55834574876
55834574875
55834574874
55834574873
55834574871
55834574869
55834574868
55834574867
55834574866
55834574865
55834574864
53687091232
53687091231
53687091230
53687091229
53687091228
53687091227
53687091226
53687091222
53687091221
53687091219
53687091218
53687091217
53687091216
51539607585
51539607584
51539607583
51539607582
51539607581
51539607580
51539607579
51539607578
51539607572
51539607571
51539607570
51539607569
49392123938
49392123937
49392123936
49392123935
49392123934
49392123933
49392123932
49392123927
49392123923
49392123922
47244640291
47244640290
47244640289
47244640288
47244640287
47244640286
47244640285
47244640284
47244640283
47244640275
47244640274
45097156644
45097156643
45097156642
45097156641
45097156640
45097156639
45097156638
45097156637
45097156636
45097156628
42949672997
42949672996
42949672995
42949672994
42949672993
42949672992
42949672991
42949672990
42949672989
42949672980
42949672979
40802189350
40802189349
40802189348
40802189347
40802189346
40802189345
40802189344
40802189343
40802189342
40802189334
40802189333
40802189332
38654705703
38654705702
38654705701
38654705700
38654705699
38654705698
38654705697
38654705696
38654705695
38654705686
38654705685
36507222056
36507222055
36507222054
36507222053
36507222052
36507222051
36507222050
36507222049
36507222048
36507222046
36507222040
36507222039
36507222038
34359738409
34359738408
34359738407
34359738406
34359738405
34359738404
34359738403
34359738402
34359738401
34359738393
34359738392
34359738391
32212254762
32212254761
32212254760
32212254759
32212254758
32212254757
32212254756
32212254755
32212254754
32212254752
32212254746
32212254745
32212254744
30064771115
30064771114
30064771113
30064771112
30064771111
30064771110
30064771109
30064771108
30064771107
30064771105
30064771100
30064771099
30064771098
30064771097
27917287468
27917287467
27917287466
27917287465
27917287464
27917287463
27917287462
27917287461
27917287458
27917287457
27917287454
27917287453
27917287452
27917287451
27917287450
25769803821
25769803820
25769803819
25769803818
25769803817
25769803816
25769803815
25769803814
25769803813
25769803811
25769803806
25769803805
25769803804
23622320174
23622320173
23622320172
23622320171
23622320170
23622320169
23622320168
23622320167
23622320166
23622320158
23622320157
23622320156
21474836527
21474836526
21474836525
21474836524
21474836523
21474836522
21474836521
21474836520
21474836519
21474836518
21474836517
21474836516
21474836511
21474836510
21474836509
21474836508
21474836507
21474836506
19327352880
19327352879
19327352878
19327352877
19327352876
19327352875
19327352874
19327352873
19327352872
19327352870
19327352864
19327352863
19327352862
19327352861
17179869233
17179869232
17179869231
17179869230
17179869229
17179869228
17179869227
17179869226
17179869225
17179869224
17179869222
17179869219
17179869218
17179869217
17179869216
17179869215
17179869214
15032385586
15032385585
15032385584
15032385583
15032385582
15032385581
15032385580
15032385579
15032385578
15032385576
15032385575
15032385572
15032385571
15032385570
15032385569
15032385568
12884901939
12884901938
12884901937
12884901936
12884901935
12884901934
12884901933
12884901932
12884901931
12884901930
12884901929
12884901928
12884901924
12884901923
12884901922
12884901921
12884901920
10737418292
10737418291
10737418290
10737418289
10737418288
10737418287
10737418286
10737418285
10737418284
10737418283
10737418282
10737418281
10737418280
10737418279
10737418278
10737418277
10737418276
10737418275
10737418274
10737418273
8589934645
8589934644
8589934643
8589934642
8589934641
8589934640
8589934639
8589934638
8589934637
8589934636
8589934635
8589934634
8589934633
8589934632
8589934631
8589934630
8589934629
8589934628
8589934627
6442450998
6442450997
6442450996
6442450995
6442450994
6442450993
6442450992
6442450991
6442450990
6442450989
6442450988
6442450987
6442450986
6442450985
6442450984
6442450983
6442450982
6442450981
6442450980
4294967351
4294967350
4294967349
4294967348
4294967347
4294967346
4294967345
4294967344
4294967343
4294967342
4294967341
4294967340
4294967339
4294967338
4294967337
4294967336
4294967335
4294967334
4294967333
2147483704
2147483703
2147483702
2147483701
2147483700
2147483699
2147483698
2147483697
2147483696
2147483695
2147483694
2147483693
2147483692
2147483691
2147483690
2147483689
2147483688
2147483687
2147483686
2147483685
2147483684
40802189313
90194313217
88046829569
83751862273
85899345921
