2147483650
2147483651
2147483652
2147483653
2147483658
2147483662
2147483664
2147483665
2147483670
2147483671
2147483672
2147483674
2147483675
2147483677
2147483680
2147483682
2147483686
2147483687
2147483688
2147483690
2147483692
2147483695
2147483698
2147483700
2147483701
2147483702
2147483704
2147483707
2147483710
2147483713
2147483715
2147483716
2147483719
2147483721
2147483723
2147483726
2147483728
2147483730
2147483731
2147483733
2147483734
2147483736
2147483738
2147483739
2147483741
2147483743
2147483744
2147483749
2147483752
2147483753
2147483754
2147483757
2147483758
2147483764
2147483765
2147483766
2147483769
2147483770
2147483771
2147483772
2147483774
2147483775
4294967297
4294967298
4294967299
4294967300
4294967302
4294967305
4294967306
4294967309
4294967311
4294967312
4294967314
4294967316
4294967318
4294967320
4294967321
4294967322
4294967323
4294967324
4294967325
4294967326
4294967327
4294967328
4294967329
4294967330
4294967331
4294967332
4294967333
4294967334
4294967335
4294967336
4294967338
4294967339
4294967342
4294967343
4294967344
4294967345
4294967347
4294967348
4294967349
4294967351
4294967352
4294967353
4294967354
4294967355
4294967356
4294967357
4294967358
4294967359
4294967360
4294967362
4294967363
4294967365
4294967366
4294967367
4294967368
4294967369
4294967370
4294967371
4294967372
4294967373
4294967374
4294967375
4294967378
4294967379
4294967380
4294967381
4294967383
4294967384
4294967385
4294967386
4294967387
4294967388
4294967389
4294967390
4294967394
4294967396
4294967397
4294967399
4294967400
4294967401
4294967402
4294967404
4294967405
4294967406
4294967410
4294967411
4294967412
4294967413
4294967415
4294967418
4294967419
4294967420
4294967421
4294967422
6442450947
6442450948
6442450950
6442450951
6442450954
6442450955
6442450960
6442450962
6442450963
6442450964
6442450966
6442450967
6442450968
6442450972
6442450973
6442450976
6442450984
6442450985
6442450986
6442450988
6442450990
6442450997
6442450999
6442451002
6442451003
6442451005
6442451008
6442451011
6442451015
6442451018
6442451019
6442451023
6442451025
6442451028
6442451030
6442451033
6442451037
6442451038
6442451039
6442451040
6442451042
6442451043
6442451044
6442451045
6442451050
6442451055
6442451056
6442451061
6442451063
6442451064
6442451067
6442451068
8589934593
8589934595
8589934597
8589934598
8589934603
8589934606
8589934607
8589934609
8589934610
8589934618
8589934623
8589934629
8589934634
8589934635
8589934636
8589934641
8589934644
8589934645
8589934650
8589934652
8589934654
8589934658
8589934661
8589934664
8589934670
8589934675
8589934685
8589934686
8589934687
8589934689
8589934697
8589934698
8589934702
8589934703
8589934705
8589934707
8589934708
10737418242
10737418246
10737418247
10737418248
10737418249
10737418254
10737418256
10737418257
10737418258
10737418259
10737418261
10737418264
10737418265
10737418266
10737418267
10737418269
10737418270
10737418271
10737418273
10737418275
10737418277
10737418278
10737418279
10737418280
10737418281
10737418282
10737418284
10737418290
10737418291
10737418293
10737418294
10737418296
10737418297
10737418299
10737418300
10737418302
10737418303
10737418305
10737418306
10737418310
10737418312
10737418313
10737418317
10737418323
10737418324
10737418325
10737418327
10737418331
10737418332
10737418333
10737418334
10737418335
10737418336
10737418338
10737418339
10737418343
10737418344
10737418345
10737418346
10737418347
10737418348
10737418349
10737418350
10737418351
10737418355
10737418356
10737418357
10737418358
10737418361
10737418362
12884901889
12884901891
12884901892
12884901893
12884901895
12884901896
12884901899
12884901901
12884901903
12884901904
12884901907
12884901908
12884901909
12884901913
12884901914
12884901917
12884901925
12884901926
12884901929
12884901931
12884901932
12884901937
12884901938
12884901940
12884901943
12884901944
12884901949
12884901952
12884901956
12884901959
12884901962
12884901964
12884901966
12884901969
12884901971
12884901974
12884901978
12884901979
12884901980
12884901981
12884901985
12884901986
12884901988
12884901991
12884901994
12884901996
12884901997
12884902002
12884902004
12884902005
12884902008
12884902009
15032385537
15032385540
15032385541
15032385544
15032385545
15032385546
15032385547
15032385549
15032385551
15032385553
15032385554
15032385556
15032385557
15032385559
15032385560
15032385561
15032385562
15032385563
15032385565
15032385566
15032385567
15032385568
15032385569
15032385570
15032385571
15032385573
15032385574
15032385577
15032385579
15032385580
15032385581
15032385582
15032385583
15032385584
15032385586
15032385587
15032385588
15032385589
15032385590
15032385591
15032385592
15032385595
15032385597
15032385598
15032385601
15032385602
15032385603
15032385604
15032385605
15032385606
15032385607
15032385608
15032385609
15032385610
15032385612
15032385613
15032385615
15032385616
15032385617
15032385618
15032385619
15032385620
15032385621
15032385622
15032385623
15032385624
15032385625
15032385629
15032385630
15032385631
15032385633
15032385634
15032385635
15032385636
15032385637
15032385639
15032385640
15032385641
15032385642
15032385644
15032385645
15032385646
15032385647
15032385648
15032385650
15032385654
15032385655
15032385656
15032385657
17179869185
17179869189
17179869190
17179869195
17179869197
17179869199
17179869201
17179869203
17179869211
17179869215
17179869219
17179869220
17179869223
17179869225
17179869232
17179869235
17179869237
17179869240
17179869243
17179869246
17179869253
17179869254
17179869258
17179869262
17179869268
17179869273
17179869274
17179869275
17179869277
17179869279
17179869280
17179869285
17179869287
17179869288
17179869290
17179869291
17179869296
17179869298
17179869299
17179869303
19327352835
19327352838
19327352841
19327352843
19327352851
19327352852
19327352853
19327352854
19327352855
19327352856
19327352859
19327352860
19327352861
19327352862
19327352863
19327352864
19327352865
19327352866
19327352868
19327352871
19327352873
19327352874
19327352876
19327352877
19327352878
19327352880
19327352883
19327352884
19327352885
19327352886
19327352889
19327352891
19327352892
19327352895
19327352896
19327352897
19327352898
19327352902
19327352904
19327352907
19327352908
19327352909
19327352910
19327352912
19327352914
19327352915
19327352916
19327352917
19327352918
19327352921
19327352923
19327352925
19327352928
19327352929
19327352931
19327352933
19327352934
19327352936
19327352939
19327352940
19327352941
19327352942
19327352944
19327352945
19327352948
19327352949
19327352951
21474836481
21474836482
21474836485
21474836486
21474836487
21474836488
21474836490
21474836494
21474836496
21474836497
21474836498
21474836500
21474836501
21474836502
21474836503
21474836506
21474836507
21474836508
21474836509
21474836512
21474836515
21474836518
21474836520
21474836521
21474836522
21474836523
21474836524
21474836525
21474836526
21474836527
21474836528
21474836529
21474836530
21474836531
21474836532
21474836533
21474836535
21474836536
21474836538
21474836539
21474836541
21474836542
21474836543
21474836544
21474836545
21474836549
21474836554
21474836555
21474836556
21474836557
21474836559
21474836561
21474836562
21474836564
21474836565
21474836566
21474836570
21474836572
21474836575
21474836576
21474836578
21474836580
21474836581
21474836583
21474836586
21474836587
21474836588
21474836589
21474836591
21474836594
21474836595
21474836596
21474836597
21474836598
23622320131
23622320132
23622320135
23622320136
23622320138
23622320139
23622320140
23622320144
23622320147
23622320152
23622320154
23622320156
23622320158
23622320164
23622320165
23622320167
23622320170
23622320173
23622320174
23622320177
23622320178
23622320180
23622320183
23622320184
23622320186
23622320187
23622320191
23622320195
23622320196
23622320199
23622320201
23622320204
23622320206
23622320208
23622320214
23622320215
23622320218
23622320219
23622320220
23622320227
23622320231
23622320232
23622320234
23622320236
23622320242
25769803777
25769803779
25769803783
25769803786
25769803789
25769803794
25769803807
25769803811
25769803812
25769803813
25769803820
25769803823
25769803825
25769803828
25769803830
25769803831
25769803834
25769803845
25769803846
25769803848
25769803853
25769803856
25769803858
25769803861
25769803863
25769803865
25769803867
25769803868
25769803874
25769803875
25769803878
25769803879
25769803883
25769803884
25769803886
25769803890
27917287426
27917287427
27917287428
27917287429
27917287431
27917287435
27917287438
27917287439
27917287441
27917287442
27917287443
27917287444
27917287445
27917287447
27917287448
27917287449
27917287450
27917287451
27917287452
27917287453
27917287454
27917287456
27917287459
27917287461
27917287462
27917287464
27917287465
27917287466
27917287468
27917287469
27917287470
27917287471
27917287472
27917287473
27917287474
27917287476
27917287477
27917287479
27917287480
27917287483
27917287484
27917287485
27917287490
27917287492
27917287494
27917287495
27917287496
27917287497
27917287500
27917287502
27917287504
27917287505
27917287506
27917287507
27917287511
27917287513
27917287516
27917287517
27917287518
27917287519
27917287521
27917287522
27917287525
27917287527
27917287528
27917287529
27917287530
27917287531
27917287533
27917287534
27917287536
27917287537
27917287538
27917287539
30064771073
30064771075
30064771076
30064771078
30064771082
30064771083
30064771085
30064771086
30064771088
30064771090
30064771091
30064771095
30064771096
30064771097
30064771099
30064771100
30064771103
30064771104
30064771105
30064771106
30064771108
30064771109
30064771111
30064771112
30064771113
30064771115
30064771118
30064771120
30064771121
30064771123
30064771124
30064771126
30064771127
30064771128
30064771130
30064771132
30064771136
30064771137
30064771138
30064771139
30064771142
30064771143
30064771144
30064771145
30064771146
30064771147
30064771148
30064771149
30064771150
30064771155
30064771158
30064771160
30064771163
30064771164
30064771165
30064771166
30064771167
30064771168
30064771169
30064771173
30064771175
30064771176
30064771177
30064771179
30064771180
30064771181
30064771185
32212254721
32212254722
32212254724
32212254726
32212254727
32212254728
32212254729
32212254731
32212254732
32212254733
32212254734
32212254736
32212254737
32212254740
32212254741
32212254743
32212254745
32212254747
32212254748
32212254749
32212254751
32212254752
32212254754
32212254757
32212254759
32212254760
32212254761
32212254763
32212254764
32212254766
32212254767
32212254768
32212254769
32212254770
32212254772
32212254775
32212254776
32212254777
32212254782
32212254783
32212254787
32212254790
32212254793
32212254797
32212254798
32212254799
32212254801
32212254802
32212254803
32212254804
32212254805
32212254808
32212254809
32212254811
32212254812
32212254813
32212254814
32212254816
32212254817
32212254818
32212254819
32212254820
32212254821
32212254825
32212254826
32212254829
32212254832
34359738370
34359738373
34359738374
34359738375
34359738376
34359738377
34359738387
34359738395
34359738396
34359738399
34359738400
34359738408
34359738409
34359738410
34359738415
34359738416
34359738418
34359738419
34359738424
34359738426
34359738430
34359738434
34359738437
34359738439
34359738441
34359738449
34359738450
34359738451
34359738453
34359738455
34359738462
34359738463
34359738466
34359738467
34359738472
34359738474
34359738475
34359738479
36507222020
36507222021
36507222022
36507222024
36507222025
36507222026
36507222030
36507222031
36507222034
36507222042
36507222043
36507222044
36507222046
36507222048
36507222049
36507222054
36507222055
36507222060
36507222062
36507222065
36507222066
36507222069
36507222073
36507222076
36507222077
36507222081
36507222083
36507222086
36507222088
36507222091
36507222096
36507222097
36507222098
36507222100
36507222102
36507222103
36507222108
36507222111
36507222113
36507222114
36507222116
36507222121
36507222122
36507222125
38654705665
38654705667
38654705668
38654705669
38654705671
38654705672
38654705677
38654705678
38654705681
38654705682
38654705684
38654705686
38654705690
38654705693
38654705695
38654705698
38654705702
38654705705
38654705707
38654705708
38654705709
38654705710
38654705713
38654705716
38654705721
38654705722
38654705723
38654705724
38654705728
38654705730
38654705731
38654705733
38654705734
38654705735
38654705736
38654705738
38654705739
38654705742
38654705743
38654705744
38654705745
38654705746
38654705747
38654705749
38654705750
38654705754
38654705755
38654705757
38654705758
38654705759
38654705760
38654705761
38654705762
38654705765
38654705766
38654705768
38654705769
38654705772
38654705773
40802189313
40802189317
40802189319
40802189320
40802189321
40802189322
40802189323
40802189324
40802189326
40802189327
40802189329
40802189330
40802189331
40802189332
40802189333
40802189334
40802189335
40802189337
40802189338
40802189341
40802189342
40802189343
40802189344
40802189345
40802189346
40802189347
40802189348
40802189350
40802189352
40802189353
40802189354
40802189355
40802189356
40802189359
40802189361
40802189362
40802189364
40802189365
40802189366
40802189367
40802189368
40802189371
40802189372
40802189373
40802189374
40802189376
40802189377
40802189378
40802189379
40802189380
40802189381
40802189382
40802189383
40802189384
40802189385
40802189386
40802189387
40802189388
40802189389
40802189390
40802189393
40802189395
40802189398
40802189399
40802189400
40802189401
40802189403
40802189404
40802189406
40802189409
40802189410
40802189412
40802189414
40802189417
40802189418
40802189419
40802189420
40802189421
42949672961
42949672962
42949672963
42949672965
42949672971
42949672975
42949672984
42949672985
42949672987
42949672994
42949672995
42949672996
42949673002
42949673004
42949673007
42949673009
42949673014
42949673017
42949673022
42949673024
42949673027
42949673029
42949673032
42949673037
42949673038
42949673039
42949673041
42949673043
42949673044
42949673045
42949673051
42949673052
42949673054
42949673055
42949673060
42949673062
42949673063
42949673066
42949673067
45097156611
45097156612
45097156614
45097156615
45097156617
45097156619
45097156620
45097156624
45097156626
45097156627
45097156628
45097156632
45097156633
45097156635
45097156637
45097156638
45097156640
45097156641
45097156642
45097156644
45097156645
45097156647
45097156650
45097156653
45097156655
45097156656
45097156657
45097156658
45097156659
45097156660
45097156661
45097156662
45097156664
45097156666
45097156667
45097156668
45097156670
45097156671
45097156672
45097156673
45097156674
45097156675
45097156676
45097156677
45097156678
45097156679
45097156680
45097156681
45097156683
45097156684
45097156686
45097156687
45097156689
45097156692
45097156693
45097156694
45097156695
45097156696
45097156697
45097156698
45097156703
45097156704
45097156705
45097156706
45097156708
45097156709
45097156710
45097156711
45097156712
45097156713
45097156714
45097156715
47244640258
47244640259
47244640260
47244640262
47244640263
47244640264
47244640265
47244640266
47244640267
47244640268
47244640270
47244640271
47244640272
47244640273
47244640274
47244640275
47244640276
47244640277
47244640279
47244640280
47244640281
47244640282
47244640284
47244640285
47244640286
47244640287
47244640288
47244640289
47244640291
47244640292
47244640294
47244640295
47244640296
47244640297
47244640299
47244640300
47244640302
47244640303
47244640304
47244640305
47244640306
47244640307
47244640308
47244640309
47244640310
47244640313
47244640314
47244640315
47244640317
47244640318
47244640319
47244640320
47244640321
47244640322
47244640323
47244640324
47244640325
47244640326
47244640327
47244640328
47244640329
47244640330
47244640333
47244640334
47244640336
47244640337
47244640339
47244640340
47244640342
47244640343
47244640344
47244640345
47244640350
47244640351
47244640353
47244640355
47244640356
47244640357
47244640358
47244640359
47244640360
47244640361
47244640362
49392123906
49392123908
49392123909
49392123911
49392123912
49392123913
49392123914
49392123918
49392123920
49392123922
49392123923
49392123924
49392123926
49392123929
49392123931
49392123932
49392123934
49392123935
49392123938
49392123941
49392123943
49392123944
49392123947
49392123949
49392123950
49392123953
49392123954
49392123955
49392123956
49392123957
49392123960
49392123962
49392123964
49392123965
49392123967
49392123968
49392123970
49392123971
49392123973
49392123976
49392123977
49392123978
49392123983
49392123986
49392123987
49392123988
49392123989
49392123990
49392123991
49392123992
49392123996
49392123998
49392124000
49392124003
49392124007
49392124008
49392124009
51539607553
51539607558
51539607563
51539607575
51539607576
51539607583
51539607584
51539607586
51539607591
51539607592
51539607594
51539607598
51539607600
51539607602
51539607605
51539607606
51539607610
51539607612
51539607615
51539607617
51539607622
51539607625
51539607626
51539607627
51539607629
51539607631
51539607633
51539607638
51539607639
51539607642
51539607643
51539607647
51539607648
51539607650
51539607651
51539607654
51539607655
51539607656
53687091201
53687091203
53687091205
53687091206
53687091207
53687091208
53687091210
53687091211
53687091212
53687091213
53687091214
53687091215
53687091216
53687091217
53687091219
53687091221
53687091224
53687091225
53687091226
53687091227
53687091229
53687091231
53687091232
53687091235
53687091236
53687091240
53687091242
53687091244
53687091246
53687091247
53687091248
53687091250
53687091251
53687091252
53687091253
53687091254
53687091256
53687091257
53687091258
53687091260
53687091261
53687091265
53687091266
53687091268
53687091269
53687091270
53687091273
53687091275
53687091276
53687091277
53687091278
53687091279
53687091281
53687091282
53687091283
53687091285
53687091286
53687091287
53687091288
53687091289
53687091292
53687091293
53687091294
53687091296
53687091297
53687091299
53687091303
55834574850
55834574852
55834574859
55834574865
55834574868
55834574870
55834574872
55834574874
55834574875
55834574876
55834574879
55834574880
55834574882
55834574883
55834574885
55834574886
55834574888
55834574892
55834574894
55834574896
55834574898
55834574901
55834574902
55834574903
55834574906
55834574909
55834574911
55834574916
55834574919
55834574920
55834574923
55834574924
55834574926
55834574927
55834574931
55834574932
55834574933
55834574936
55834574937
55834574939
55834574941
55834574944
55834574945
55834574946
55834574947
55834574950
57982058499
57982058504
57982058506
57982058509
57982058513
57982058517
57982058519
57982058522
57982058525
57982058526
57982058529
57982058532
57982058533
57982058535
57982058536
57982058539
57982058546
57982058547
57982058551
57982058553
57982058556
57982058558
57982058562
57982058565
57982058567
57982058568
57982058570
57982058572
57982058573
57982058574
57982058577
57982058579
57982058581
57982058583
57982058584
57982058588
57982058589
57982058590
57982058594
57982058595
60129542147
60129542148
60129542151
60129542152
60129542159
60129542160
60129542161
60129542163
60129542165
60129542171
60129542172
60129542174
60129542176
60129542177
60129542179
60129542180
60129542182
60129542183
60129542184
60129542186
60129542190
60129542193
60129542194
60129542198
60129542203
60129542205
60129542208
60129542212
60129542213
60129542214
60129542215
60129542217
60129542219
60129542220
60129542221
60129542222
60129542225
60129542228
60129542230
60129542231
60129542236
60129542238
60129542239
60129542242
62277025793
62277025797
62277025804
62277025811
62277025816
62277025819
62277025820
62277025822
62277025826
62277025827
62277025829
62277025830
62277025833
62277025835
62277025837
62277025847
62277025850
62277025852
62277025857
62277025858
62277025860
62277025861
62277025862
62277025864
62277025868
62277025873
62277025878
62277025880
62277025882
62277025883
62277025887
62277025888
64424509441
64424509442
64424509444
64424509445
64424509446
64424509448
64424509450
64424509452
64424509453
64424509454
64424509457
64424509459
64424509466
64424509469
64424509471
64424509472
64424509474
64424509475
64424509477
64424509480
64424509481
64424509485
64424509486
64424509487
64424509488
64424509490
64424509492
64424509493
64424509495
64424509498
64424509499
64424509500
64424509502
64424509503
64424509505
64424509506
64424509507
64424509508
64424509509
64424509510
64424509511
64424509513
64424509514
64424509516
64424509518
64424509520
64424509522
64424509523
64424509524
64424509525
64424509526
64424509528
64424509530
64424509533
64424509537
66571993090
66571993091
66571993094
66571993095
66571993100
66571993104
66571993105
66571993107
66571993110
66571993111
66571993113
66571993115
66571993117
66571993118
66571993120
66571993121
66571993122
66571993123
66571993124
66571993126
66571993127
66571993131
66571993134
66571993135
66571993139
66571993141
66571993144
66571993146
66571993148
66571993154
66571993155
66571993156
66571993158
66571993160
66571993162
66571993166
66571993167
66571993168
66571993170
66571993171
66571993172
66571993174
66571993176
66571993177
66571993179
66571993180
68719476737
68719476741
68719476743
68719476745
68719476747
68719476752
68719476754
68719476757
68719476758
68719476760
68719476761
68719476766
68719476767
68719476768
68719476770
68719476773
68719476774
68719476778
68719476781
68719476782
68719476786
68719476788
68719476791
68719476793
68719476795
68719476796
68719476801
68719476802
68719476803
68719476805
68719476807
68719476813
68719476814
68719476818
68719476819
68719476821
68719476823
68719476824
68719476829
70866960386
70866960394
70866960395
70866960396
70866960398
70866960400
70866960404
70866960406
70866960407
70866960409
70866960412
70866960413
70866960414
70866960415
70866960418
70866960420
70866960421
70866960425
70866960428
70866960429
70866960433
70866960435
70866960438
70866960440
70866960443
70866960447
70866960448
70866960449
70866960450
70866960452
70866960453
70866960454
70866960455
70866960456
70866960460
70866960462
70866960463
70866960465
70866960466
70866960469
70866960471
70866960473
70866960474
70866960477
70866960478
73014444046
73014444050
73014444051
73014444057
73014444058
73014444061
73014444062
73014444064
73014444065
73014444068
73014444074
73014444080
73014444081
73014444082
73014444085
73014444087
73014444095
73014444097
73014444099
73014444103
73014444108
73014444109
73014444113
73014444115
73014444118
73014444120
73014444122
73014444126
75161927682
75161927684
75161927685
75161927686
75161927688
75161927690
75161927693
75161927695
75161927696
75161927698
75161927699
75161927700
75161927702
75161927705
75161927708
75161927711
75161927714
75161927716
75161927717
75161927719
75161927721
75161927725
75161927726
75161927728
75161927729
75161927731
75161927732
75161927733
75161927734
75161927735
75161927736
75161927737
75161927740
75161927741
75161927742
75161927745
75161927747
75161927751
75161927752
75161927753
75161927754
75161927755
75161927756
75161927762
75161927763
75161927764
75161927767
75161927768
75161927770
75161927771
75161927773
77309411338
77309411339
77309411340
77309411345
77309411348
77309411349
77309411352
77309411355
77309411356
77309411358
77309411359
77309411364
77309411366
77309411368
77309411374
77309411376
77309411379
77309411381
77309411382
77309411386
77309411389
77309411390
77309411391
77309411393
77309411395
77309411401
77309411402
77309411403
77309411406
77309411409
77309411411
77309411412
77309411414
77309411415
77309411416
77309411420
79456894981
79456894982
79456894983
79456894984
79456894986
79456894988
79456894995
79456894997
79456894998
79456895000
79456895001
79456895003
79456895006
79456895009
79456895010
79456895016
79456895017
79456895021
79456895023
79456895024
79456895027
79456895028
79456895031
79456895036
79456895037
79456895038
79456895040
79456895042
79456895043
79456895048
79456895051
79456895052
79456895053
79456895054
79456895055
79456895059
79456895061
79456895066
81604378631
81604378632
81604378633
81604378634
81604378639
81604378643
81604378646
81604378649
81604378650
81604378651
81604378652
81604378653
81604378656
81604378658
81604378660
81604378663
81604378668
81604378670
81604378673
81604378675
81604378680
81604378683
81604378684
81604378685
81604378687
81604378689
81604378695
81604378697
81604378700
81604378701
81604378703
81604378705
81604378706
81604378708
81604378709
81604378710
81604378712
81604378713
83751862276
83751862277
83751862280
83751862282
83751862289
83751862294
83751862295
83751862297
83751862300
83751862303
83751862304
83751862310
83751862311
83751862315
83751862325
83751862329
83751862330
83751862331
83751862332
83751862334
83751862336
83751862337
83751862342
83751862345
83751862347
83751862348
83751862349
83751862353
83751862355
83751862356
83751862360
85899345923
85899345925
85899345927
85899345928
85899345933
85899345935
85899345936
85899345941
85899345944
85899345946
85899345947
85899345950
85899345952
85899345955
85899345957
85899345958
85899345962
85899345964
85899345969
85899345977
85899345978
85899345985
85899345989
85899345990
85899345992
85899345994
85899345995
85899345996
85899345997
85899346000
85899346002
85899346003
88046829570
88046829571
88046829574
88046829576
88046829584
88046829588
88046829589
88046829591
88046829594
88046829597
88046829598
88046829604
88046829605
88046829609
88046829611
88046829619
88046829623
88046829624
88046829625
88046829626
88046829628
88046829630
88046829631
88046829636
88046829639
88046829641
88046829642
88046829643
88046829647
88046829648
88046829649
88046829650
88046829653
88046829654
90194313221
90194313222
90194313226
90194313227
90194313230
90194313231
90194313238
90194313240
90194313241
90194313244
90194313245
90194313249
90194313251
90194313256
90194313258
90194313261
90194313263
90194313271
90194313272
90194313273
90194313275
90194313279
90194313283
90194313286
90194313288
90194313289
90194313291
90194313293
90194313294
90194313296
90194313297
92341796865
92341796867
92341796869
92341796871
92341796873
92341796875
92341796877
92341796878
92341796881
92341796882
92341796883
92341796886
92341796887
92341796888
92341796889
92341796890
92341796893
92341796896
92341796897
92341796898
92341796899
92341796901
92341796904
92341796906
92341796909
92341796912
92341796915
92341796916
92341796921
92341796922
92341796923
92341796924
92341796925
92341796928
92341796929
92341796931
92341796932
92341796933
92341796935
92341796938
92341796939
92341796940
92341796942
92341796944
92341796945
92341796946
92341796948
94489280513
94489280515
94489280516
94489280518
94489280519
94489280521
94489280522
94489280523
94489280525
94489280528
94489280531
94489280534
94489280537
94489280538
94489280539
94489280540
94489280542
94489280543
94489280544
94489280547
94489280548
94489280551
94489280552
94489280554
94489280555
94489280557
94489280558
94489280561
94489280562
94489280565
94489280570
94489280573
94489280576
94489280577
94489280578
94489280579
94489280580
94489280583
94489280584
94489280585
94489280587
94489280589
94489280591
94489280592
94489280594
94489280595
94489280596
96636764162
96636764163
96636764165
96636764166
96636764167
96636764168
96636764169
96636764170
96636764171
96636764175
96636764176
96636764178
96636764179
96636764181
96636764182
96636764184
96636764185
96636764190
96636764191
96636764192
96636764193
96636764197
96636764199
96636764202
96636764204
96636764208
96636764212
96636764213
96636764214
96636764216
96636764218
96636764222
96636764224
96636764225
96636764226
96636764227
96636764230
96636764235
96636764236
98784247809
98784247810
98784247811
98784247823
98784247824
98784247826
98784247827
98784247828
98784247829
98784247832
98784247835
98784247836
98784247838
98784247840
98784247844
98784247846
98784247849
98784247851
98784247859
98784247861
98784247863
98784247865
98784247866
98784247867
98784247868
98784247872
98784247873
98784247874
98784247877
98784247884
98784247885
98784247888
98784247889
100931731457
100931731458
100931731459
100931731460
100931731461
100931731462
100931731463
100931731466
100931731467
100931731469
100931731470
100931731471
100931731472
100931731474
100931731475
100931731476
100931731477
100931731478
100931731480
100931731481
100931731484
100931731485
100931731486
100931731488
100931731489
100931731492
100931731494
100931731495
100931731496
100931731499
100931731500
100931731501
100931731502
100931731504
100931731509
100931731510
100931731511
100931731512
100931731516
100931731517
100931731518
100931731519
100931731520
100931731522
100931731523
100931731526
100931731527
100931731528
100931731530
100931731533
100931731534
100931731536
103079215105
103079215106
103079215108
103079215111
103079215112
103079215114
103079215115
103079215116
103079215117
103079215118
103079215120
103079215121
103079215122
103079215123
103079215124
103079215126
103079215127
103079215131
103079215132
103079215133
103079215134
103079215136
103079215138
103079215139
103079215141
103079215144
103079215146
103079215148
103079215149
103079215150
103079215151
103079215152
103079215153
103079215154
103079215155
103079215157
103079215159
103079215160
103079215162
103079215164
103079215165
103079215167
103079215168
103079215169
103079215170
103079215171
103079215172
103079215176
103079215177
103079215179
103079215183
105226698754
105226698756
105226698757
105226698760
105226698763
105226698766
105226698769
105226698771
105226698772
105226698774
105226698777
105226698778
105226698779
105226698782
105226698784
105226698785
105226698787
105226698789
105226698790
105226698791
105226698792
105226698793
105226698796
105226698797
105226698800
105226698802
105226698805
105226698807
105226698808
105226698813
105226698814
105226698818
105226698822
105226698825
105226698830
107374182405
107374182406
107374182411
107374182412
107374182417
107374182420
107374182424
107374182427
107374182428
107374182432
107374182434
107374182437
107374182439
107374182442
107374182446
107374182447
107374182448
107374182449
107374182451
107374182453
107374182454
107374182456
107374182459
107374182462
107374182464
107374182465
107374182466
107374182470
107374182472
107374182473
107374182476
109521666052
109521666053
109521666058
109521666061
109521666065
109521666067
109521666070
109521666074
109521666078
109521666079
109521666080
109521666086
109521666094
109521666095
109521666096
109521666098
109521666102
109521666106
109521666109
109521666111
109521666112
109521666114
109521666117
109521666119
109521666120
109521666123
111669149697
111669149707
111669149708
111669149710
111669149714
111669149718
111669149721
111669149726
111669149727
111669149728
111669149731
111669149733
111669149734
111669149741
111669149742
111669149743
111669149747
111669149749
111669149753
111669149754
111669149756
111669149758
111669149759
111669149766
111669149767
111669149769
113816633346
113816633347
113816633349
113816633350
113816633352
113816633353
113816633355
113816633358
113816633361
113816633362
113816633366
113816633368
113816633369
113816633371
113816633373
113816633376
113816633379
113816633381
113816633383
113816633385
113816633386
113816633387
113816633388
113816633389
113816633390
113816633391
113816633392
113816633394
113816633395
113816633397
113816633400
113816633402
113816633403
113816633404
113816633405
113816633406
113816633407
113816633411
113816633412
113816633416
113816633418
113816633419
115964116993
115964116994
115964116996
115964116999
115964117000
115964117002
115964117005
115964117007
115964117008
115964117012
115964117015
115964117016
115964117020
115964117022
115964117025
115964117027
115964117030
115964117032
115964117035
115964117036
115964117037
115964117039
115964117041
115964117042
115964117043
115964117047
115964117049
115964117050
115964117052
115964117053
115964117058
115964117060
115964117061
115964117064
115964117065
115964117066
118111600641
118111600645
118111600648
118111600649
118111600651
118111600652
118111600654
118111600659
118111600662
118111600663
118111600667
118111600669
118111600672
118111600674
118111600678
118111600682
118111600683
118111600684
118111600685
118111600686
118111600687
118111600688
118111600692
118111600693
118111600695
118111600697
118111600699
118111600700
118111600702
118111600704
118111600705
118111600706
118111600708
120259084289
120259084290
120259084291
120259084292
120259084293
120259084294
120259084295
120259084297
120259084298
120259084300
120259084301
120259084305
120259084306
120259084307
120259084311
120259084313
120259084316
120259084317
120259084318
120259084319
120259084321
120259084323
120259084324
120259084325
120259084326
120259084327
120259084332
120259084334
120259084337
120259084338
120259084340
120259084342
120259084343
120259084345
120259084348
120259084349
120259084350
120259084351
120259084352
120259084353
120259084354
120259084355
120259084357
120259084358
120259084359
120259084360
122406567937
122406567940
122406567941
122406567943
122406567944
122406567946
122406567949
122406567950
122406567951
122406567952
122406567954
122406567955
122406567956
122406567957
122406567959
122406567961
122406567962
122406567963
122406567964
122406567966
122406567967
122406567968
122406567969
122406567971
122406567972
122406567973
122406567974
122406567975
122406567976
122406567977
122406567978
122406567980
122406567982
122406567983
122406567984
122406567988
122406567990
122406567991
122406567992
122406567993
122406567994
122406567995
122406567999
122406568000
122406568001
122406568002
122406568003
122406568006
124554051587
124554051590
124554051592
124554051593
124554051595
124554051596
124554051603
124554051604
124554051605
124554051608
124554051617
124554051623
124554051624
124554051625
124554051627
124554051629
124554051633
124554051635
124554051636
124554051640
124554051641
124554051643
124554051644
124554051645
124554051646
124554051649
126701535233
126701535236
126701535237
126701535240
126701535243
126701535245
126701535247
126701535260
126701535262
126701535270
126701535271
126701535272
126701535274
126701535278
126701535282
126701535283
126701535284
126701535287
126701535288
126701535290
126701535292
126701535297
126701535301
128849018881
128849018883
128849018884
128849018887
128849018888
128849018890
128849018897
128849018898
128849018900
128849018902
128849018904
128849018909
128849018912
128849018916
128849018917
128849018918
128849018919
128849018921
128849018923
128849018924
128849018926
128849018929
128849018932
128849018934
128849018935
128849018940
128849018942
128849018946
130996502530
130996502531
130996502533
130996502535
130996502536
130996502537
130996502539
130996502541
130996502543
130996502546
130996502547
130996502548
130996502549
130996502550
130996502551
130996502553
130996502554
130996502555
130996502556
130996502558
130996502559
130996502560
130996502561
130996502564
130996502565
130996502566
130996502567
130996502568
130996502569
130996502572
130996502576
130996502577
130996502578
130996502583
130996502584
130996502585
130996502586
130996502589
130996502590
130996502592
130996502593
130996502595
133143986177
133143986178
133143986180
133143986181
133143986183
133143986184
133143986186
133143986188
133143986191
133143986192
133143986196
133143986198
133143986201
133143986206
133143986211
133143986212
133143986213
133143986215
133143986216
133143986217
133143986221
133143986223
133143986224
133143986228
133143986229
133143986231
133143986233
133143986234
133143986238
133143986239
135291469825
135291469826
135291469831
135291469832
135291469833
135291469835
135291469836
135291469837
135291469838
135291469839
135291469841
135291469842
135291469843
135291469844
135291469846
135291469849
135291469851
135291469853
135291469854
135291469857
135291469858
135291469859
135291469860
135291469862
135291469864
135291469865
135291469867
135291469868
135291469869
135291469872
135291469874
135291469875
135291469876
135291469877
135291469878
135291469880
135291469881
135291469882
135291469885
135291469888
137438953473
137438953474
137438953476
137438953477
137438953480
137438953481
137438953482
137438953483
137438953484
137438953487
137438953488
137438953489
137438953492
137438953493
137438953494
137438953495
137438953496
137438953497
137438953498
137438953499
137438953500
137438953501
137438953502
137438953503
137438953504
137438953507
137438953508
137438953510
137438953514
137438953515
137438953516
137438953518
137438953519
137438953521
137438953522
137438953525
137438953526
137438953527
137438953529
137438953533
137438953534
137438953535
139586437121
139586437122
139586437127
139586437129
139586437133
139586437137
139586437139
139586437140
139586437142
139586437144
139586437147
139586437152
139586437153
139586437154
139586437156
139586437158
139586437160
139586437164
139586437165
139586437166
139586437169
139586437170
139586437172
139586437174
139586437175
139586437177
139586437178
139586437179
139586437181
139586437183
141733920769
141733920770
141733920771
141733920772
141733920773
141733920774
141733920777
141733920778
141733920779
141733920780
141733920782
141733920784
141733920787
141733920790
141733920792
141733920794
141733920796
141733920797
141733920798
141733920799
141733920800
141733920801
141733920802
141733920803
141733920805
141733920806
141733920808
141733920809
141733920810
141733920811
141733920813
141733920814
141733920815
141733920816
141733920817
141733920818
141733920822
141733920823
141733920829
143881404417
143881404418
143881404420
143881404421
143881404422
143881404423
143881404424
143881404425
143881404430
143881404432
143881404433
143881404434
143881404435
143881404436
143881404438
143881404439
143881404440
143881404441
143881404442
143881404443
143881404444
143881404445
143881404448
143881404449
143881404450
143881404451
143881404455
143881404456
143881404458
143881404459
143881404460
143881404466
143881404467
143881404468
143881404470
143881404471
143881404472
143881404474
143881404476
143881404477
146028888066
146028888073
146028888077
146028888078
146028888080
146028888085
146028888088
146028888093
146028888094
146028888095
146028888097
146028888099
146028888102
146028888105
146028888107
146028888110
146028888111
146028888122
146028888123
148176371713
148176371720
148176371721
148176371725
148176371727
148176371732
148176371735
148176371737
148176371739
148176371740
148176371741
148176371742
148176371744
148176371746
148176371747
148176371748
148176371752
148176371754
148176371755
148176371757
148176371758
148176371763
148176371765
148176371766
148176371769
148176371770
150323855361
150323855362
150323855363
150323855364
150323855365
150323855366
150323855367
150323855368
150323855369
150323855370
150323855371
150323855373
150323855375
150323855376
150323855378
150323855380
150323855381
150323855382
150323855383
150323855384
150323855386
150323855389
150323855390
150323855392
150323855393
150323855394
150323855395
150323855396
150323855398
150323855400
150323855401
150323855402
150323855407
150323855408
150323855409
150323855411
150323855414
150323855415
150323855417
150323855418
152471339011
152471339017
152471339021
152471339024
152471339026
152471339034
152471339036
152471339038
152471339040
152471339046
152471339047
152471339051
152471339052
152471339054
152471339056
152471339060
152471339063
154618822658
154618822659
154618822660
154618822661
154618822662
154618822666
154618822668
154618822669
154618822671
154618822673
154618822677
154618822681
154618822682
154618822683
154618822685
154618822687
154618822688
154618822689
154618822690
154618822691
154618822692
154618822693
154618822695
154618822696
154618822697
154618822698
154618822699
154618822704
154618822706
154618822707
154618822708
154618822710
154618822711
154618822712
156766306309
156766306313
156766306328
156766306329
156766306330
156766306332
156766306334
156766306337
156766306345
156766306346
156766306348
156766306351
156766306353
158913789953
158913789954
158913789955
158913789956
158913789960
158913789965
158913789966
158913789968
158913789972
158913789973
158913789975
158913789976
158913789977
158913789979
158913789980
158913789981
158913789982
158913789984
158913789985
158913789986
158913789989
158913789992
158913789993
158913789995
158913789996
158913789997
158913789998
158913789999
158913790002
158913790005
161061273601
161061273602
161061273603
161061273607
161061273609
161061273612
161061273614
161061273622
161061273623
161061273624
161061273625
161061273626
161061273628
161061273630
161061273634
161061273635
161061273639
161061273640
161061273642
161061273644
161061273645
161061273648
163208757249
163208757250
163208757254
163208757256
163208757259
163208757261
163208757269
163208757273
163208757275
163208757276
163208757277
163208757281
163208757283
163208757284
163208757287
163208757294
163208757295
163208757297
163208757298
163208757299
165356240898
165356240899
165356240900
165356240902
165356240903
165356240905
165356240906
165356240908
165356240909
165356240910
165356240912
165356240913
165356240914
165356240915
165356240916
165356240918
165356240919
165356240921
165356240924
165356240925
165356240927
165356240928
165356240929
165356240930
165356240934
165356240935
165356240936
165356240937
165356240938
165356240940
165356240941
165356240942
165356240943
165356240944
165356240945
165356240946
165356240947
167503724545
167503724546
167503724547
167503724549
167503724550
167503724552
167503724553
167503724554
167503724555
167503724556
167503724558
167503724560
167503724562
167503724563
167503724565
167503724566
167503724568
167503724571
167503724572
167503724575
167503724576
167503724577
167503724582
167503724583
167503724585
167503724588
167503724589
167503724591
167503724592
167503724593
167503724594
169651208194
169651208195
169651208197
169651208200
169651208202
169651208210
169651208211
169651208212
169651208214
169651208216
169651208217
169651208222
169651208224
169651208225
169651208227
169651208228
169651208233
169651208235
169651208239
169651208240
171798691844
171798691847
171798691849
171798691857
171798691858
171798691859
171798691861
171798691863
171798691864
171798691865
171798691869
171798691870
171798691872
171798691874
171798691875
171798691882
171798691883
171798691886
173946175489
173946175491
173946175494
173946175496
173946175504
173946175505
173946175506
173946175508
173946175510
173946175511
173946175516
173946175518
173946175519
173946175521
173946175522
173946175529
173946175534
176093659138
176093659139
176093659140
176093659141
176093659142
176093659143
176093659144
176093659145
176093659146
176093659147
176093659148
176093659149
176093659150
176093659154
176093659156
176093659159
176093659160
176093659161
176093659162
176093659164
176093659165
176093659167
176093659171
176093659172
176093659173
176093659175
176093659176
176093659177
176093659179
176093659180
176093659181
176093659182
178241142788
178241142790
178241142791
178241142798
178241142799
178241142802
178241142804
178241142805
178241142806
178241142810
178241142811
178241142812
178241142813
178241142814
178241142815
178241142816
178241142818
178241142823
178241142828
180388626433
180388626436
180388626438
180388626440
180388626441
180388626442
180388626443
180388626444
180388626445
180388626446
180388626447
180388626448
180388626449
180388626450
180388626451
180388626452
180388626453
180388626454
180388626455
180388626456
180388626459
180388626460
180388626461
180388626462
180388626463
180388626464
180388626465
180388626466
180388626467
180388626468
180388626469
180388626472
180388626474
180388626475
180388626476
182536110082
182536110084
182536110089
182536110092
182536110093
182536110096
182536110098
182536110100
182536110104
182536110106
182536110108
182536110109
182536110110
182536110115
182536110117
182536110118
182536110121
182536110122
184683593731
184683593740
184683593741
184683593743
184683593745
184683593746
184683593751
184683593753
184683593754
184683593756
184683593757
184683593762
184683593764
184683593765
184683593768
184683593769
186831077377
186831077379
186831077381
186831077384
186831077385
186831077386
186831077387
186831077389
186831077390
186831077391
186831077393
186831077394
186831077395
186831077396
186831077397
186831077401
186831077402
186831077403
186831077404
186831077405
186831077406
186831077407
186831077409
186831077410
186831077413
186831077416
188978561025
188978561033
188978561035
188978561037
188978561039
188978561041
188978561045
188978561046
188978561051
188978561052
188978561055
188978561058
188978561059
191126044673
191126044674
191126044675
191126044676
191126044677
191126044678
191126044679
191126044681
191126044683
191126044684
191126044685
191126044686
191126044687
191126044689
191126044690
191126044691
191126044693
191126044694
191126044695
191126044696
191126044698
191126044699
191126044700
191126044701
191126044702
191126044703
191126044704
191126044707
191126044709
191126044710
191126044711
193273528327
193273528329
193273528331
193273528333
193273528334
193273528335
193273528339
193273528345
193273528352
193273528353
193273528355
193273528356
195421011974
195421011975
195421011978
195421011980
195421011981
195421011986
195421011988
195421011989
195421011991
195421011992
195421011997
195421011999
195421012000
195421012004
197568495617
197568495621
197568495622
197568495623
197568495625
197568495626
197568495627
197568495629
197568495631
197568495632
197568495633
197568495634
197568495639
197568495641
197568495642
197568495643
197568495644
197568495647
197568495649
197568495651
199715979267
199715979268
199715979269
199715979270
199715979272
199715979274
199715979276
199715979280
199715979285
199715979286
199715979291
199715979292
199715979293
199715979294
199715979297
201863462915
201863462919
201863462921
201863462922
201863462925
201863462927
201863462928
201863462930
201863462931
201863462932
201863462933
201863462938
201863462941
201863462944
204010946562
204010946563
204010946564
204010946566
204010946568
204010946570
204010946574
204010946576
204010946579
204010946580
204010946585
204010946588
206158430209
206158430210
206158430213
206158430214
206158430215
206158430216
206158430217
206158430221
206158430222
206158430224
206158430226
206158430227
206158430229
206158430230
206158430231
206158430237
208305913859
208305913861
208305913862
208305913863
208305913864
208305913865
208305913866
208305913867
208305913869
208305913870
208305913872
208305913875
208305913876
208305913877
208305913878
208305913880
208305913883
208305913884
208305913886
208305913887
210453397506
210453397508
210453397511
210453397512
210453397513
210453397514
210453397516
210453397517
210453397519
210453397522
210453397523
210453397524
210453397525
210453397527
210453397529
210453397531
210453397532
210453397533
212600881153
212600881154
212600881155
212600881156
212600881157
212600881158
212600881159
212600881160
212600881161
212600881163
212600881164
212600881165
212600881166
212600881169
212600881170
212600881171
212600881172
212600881174
212600881177
212600881178
212600881180
212600881181
214748364801
214748364805
214748364808
214748364809
214748364810
214748364814
214748364815
214748364820
214748364822
214748364823
214748364826
216895848449
216895848452
216895848453
216895848454
216895848455
216895848456
216895848457
216895848458
216895848460
216895848463
216895848464
216895848465
216895848466
216895848468
216895848469
216895848470
216895848472
216895848473
216895848474
216895848475
219043332097
219043332098
219043332103
219043332105
219043332106
219043332108
219043332109
219043332112
219043332114
219043332116
219043332117
219043332120
219043332121
221190815746
221190815747
221190815749
221190815750
221190815751
221190815752
221190815757
221190815758
221190815759
221190815760
221190815762
221190815763
221190815764
221190815765
221190815766
221190815767
221190815768
221190815769
223338299395
223338299396
223338299398
223338299399
223338299403
223338299404
223338299405
223338299407
223338299410
223338299412
223338299413
223338299414
223338299416
225485783042
225485783043
225485783046
225485783047
225485783048
225485783049
225485783050
225485783052
225485783053
225485783054
225485783055
225485783059
227633266691
227633266692
227633266693
227633266694
227633266696
227633266697
227633266702
227633266706
227633266708
227633266709
227633266710
229780750340
229780750343
229780750344
229780750349
229780750355
229780750356
231928233985
231928233990
231928233991
231928233996
231928233997
231928233998
231928233999
231928234002
234075717633
234075717635
234075717639
234075717640
234075717641
234075717642
234075717644
234075717647
234075717650
234075717651
236223201281
236223201282
236223201283
236223201284
236223201285
236223201286
236223201292
236223201293
236223201297
238370684929
238370684930
238370684931
238370684932
238370684934
238370684935
238370684936
238370684937
238370684939
238370684940
238370684941
238370684942
238370684943
238370684945
240518168579
240518168581
240518168582
240518168583
240518168586
240518168588
240518168589
240518168592
242665652225
242665652226
242665652230
242665652237
244813135875
244813135877
244813135879
244813135880
244813135881
244813135883
244813135884
244813135885
246960619521
246960619522
246960619523
246960619524
246960619526
246960619529
246960619530
246960619531
246960619532
246960619533
249108103169
249108103171
249108103177
251255586818
251255586819
251255586821
251255586822
251255586825
251255586826
253403070466
253403070468
253403070469
253403070472
253403070473
255550554113
255550554114
255550554115
255550554116
255550554119
255550554120
257698037761
257698037762
257698037763
257698037765
257698037766
257698037767
257698037768
259845521410
259845521413
261993005058
261993005061
261993005062
264140488705
264140488708
266287972354
266287972355
266287972356
268435456002
270582939650
